[array([-7.85298050e-03, -1.21842121e-02,  9.41235952e-01,  2.51295024e+01,
        -6.58145082e-03,  6.90292430e-04,  2.62603429e-03, -6.01305924e-04,
        -7.55102631e-04, -2.67059290e+00, -7.24722500e+00,  9.24762645e-03]),
 array([ 1.60018388e+00, -2.93002220e-01,  9.55279878e-01, -2.82593343e-01,
         1.99059237e-03, -1.31672381e-03,  6.66545598e-03,  1.63160341e-04,
         6.11234050e-05,  1.27038381e+00,  1.29546479e+00,  3.63006053e-03]),
 array([-1.50682319e-02,  5.63613053e-03,  9.43508570e-01, -3.60140295e+00,
         5.40207972e-04,  1.09904077e-03, -4.24884729e-04, -4.12386440e-04,
        -6.34033784e-04, -5.86810642e+00,  4.94375516e+01,  5.22130550e-03]),
 array([ 7.96446215e-02,  1.47820158e-01,  8.28461146e-01, -5.60711285e-01,
         4.24718144e-03, -9.84738257e-04,  4.13085773e-03, -1.20812216e-04,
         2.93245279e-04,  9.48593372e-01,  2.74939230e+00, -1.82952581e-02]),
 array([ 2.05994573e-02, -1.22198660e-02,  9.32397650e-01,  1.88518730e+00,
        -4.35969552e-03,  9.95347856e-04, -7.03778978e-04, -4.23489696e-04,
        -6.53231609e-04,  1.83193334e+00, -9.21912751e+00,  6.18004144e-03]),
 array([ 3.04020629e-03, -3.10284598e-03,  9.49101716e-01,  4.63937443e+01,
        -8.08030568e-04,  9.89791204e-04,  1.76047323e-03, -4.70912958e-04,
        -7.55842116e-04,  3.08086556e-02, -7.57353601e+00,  9.46634411e-03]),
 array([-2.36442380e-01, -2.45196118e-01,  1.10380607e+00,  9.32082548e-01,
        -8.44366784e-03,  6.42401603e-04, -1.29819172e-03,  1.81436413e-04,
         1.72926979e-04, -5.87962437e-02, -2.31778607e+00, -1.48094081e-02]),
 array([ 3.26928421e-03, -5.34554298e-03,  9.45075040e-01,  4.31020820e+01,
        -3.97238325e-03, -1.23329653e-03,  2.22178522e-03, -4.59836161e-04,
         7.49812142e-04, -5.31211749e+00,  4.75731483e+01, -8.34711712e-03]),
 array([ 1.51447934e+00, -2.72802364e-01,  9.72760686e-01, -2.50920355e-01,
         1.34976205e-04, -1.33770145e-03,  6.75553575e-03,  3.24918137e-04,
         1.68434765e-06,  1.22887438e+00,  1.27063530e+00,  3.92667133e-03]),
 array([-1.52689394e-02, -8.05821675e-03,  9.42959918e-01,  9.05553619e-01,
        -2.72989787e-03,  9.19058318e-04,  8.59721962e-04, -5.31409415e-04,
        -7.66340107e-04,  1.39551988e+00, -7.13150496e+00,  9.38566523e-03]),
 array([ 1.22696737e-02, -2.28751131e-02,  9.62300826e-01, -3.12429879e+00,
         1.53766647e-03, -9.65718476e-04, -1.33597194e-03, -5.61176113e-04,
        -7.43647540e-04, -2.45435888e-01, -6.75240921e+00,  8.80071852e-03]),
 array([-4.53579780e-03, -1.72589234e-02,  9.96906405e-01,  3.06383249e-02,
        -1.18110651e-02,  1.67382806e-04, -2.11177500e-03, -4.94697312e-04,
        -3.80296756e-04, -2.76552955e-01,  9.62904767e-01,  1.51687162e-02]),
 array([ 1.43661609e+00, -2.80314314e-01,  9.54297649e-01, -2.61446440e-01,
         3.69005649e-04, -4.66066869e-04,  1.05434233e-03, -7.63455239e-04,
        -5.18069767e-04,  1.20211970e+00,  1.32046909e+00,  1.39909844e-02]),
 array([ 8.71154353e-03, -3.16925524e-03,  9.56084637e-01,  1.12505829e+00,
        -9.30377514e-03, -1.85538153e-03, -9.06872512e-04,  4.40204144e-04,
        -4.65649661e-04, -2.39194742e-02, -9.51018854e-02,  9.94313664e-03]),
 array([-3.52081665e-03,  7.58724854e-03,  9.96330193e-01, -2.24697325e+00,
         5.00703562e-03, -9.32791517e-04, -6.51227596e-04, -4.07646419e-04,
         6.23941232e-04, -5.53271517e-02, -4.07513721e+00, -6.16673973e-03]),
 array([-1.02252044e-01,  4.15772806e-02,  9.77436290e-01,  5.04442758e-01,
        -4.87626840e-03,  9.52817771e-04, -1.93079803e-04, -4.52765479e-04,
        -6.29509375e-04, -2.34263062e-01,  4.55927208e-01,  6.40348648e-03]),
 array([ 5.78805767e-04,  5.63509496e-03,  9.54804751e-01, -1.03556249e+01,
        -2.14578971e-03, -1.39457567e-03, -5.30636703e-04,  4.26044319e-04,
        -6.48130489e-04,  7.62876015e+00,  6.15699595e+01,  4.85467953e-03]),
 array([-4.86764405e-03,  6.12058660e-03,  9.61394686e-01, -6.12043616e-01,
        -2.21305751e-03, -1.46342527e-03, -8.08747785e-04,  4.25767878e-04,
        -6.50983575e-04,  2.78165486e+00,  3.88232814e+01,  5.35330900e-03]),
 array([ 3.75007829e-02,  1.14300813e-01,  8.43361872e-01,  5.35025920e-01,
         1.42006358e-02, -4.19222655e-04,  6.06982421e-03, -9.68476026e-05,
         2.64396274e-04,  3.11303548e-01,  4.58506948e+00, -1.86796970e-02]),
 array([-1.66826233e-01, -2.51632661e-02,  9.92221197e-01,  1.30707243e+00,
         3.22667408e-04, -9.34325471e-04, -3.26462881e-04, -5.91193698e-04,
        -3.65498514e-04, -2.84113913e-01,  1.68795090e+00,  1.54901813e-02]),
 array([ 5.23405379e-03, -1.13254826e-02,  9.52364163e-01,  1.57796570e+01,
        -7.78440174e-03,  7.95724687e-04, -2.94808058e-05,  4.58351319e-04,
         6.83480415e-04,  1.95247178e+01,  2.14236628e+01, -5.35952194e-03]),
 array([ 7.51034324e-02, -2.80518545e-01,  1.20248387e+00,  1.43900465e-01,
         9.73822917e-03, -2.99416567e-04,  6.74780915e-03, -7.82895758e-05,
         1.64981982e-04, -1.74774038e+00, -1.88913916e+00, -1.28559318e-02]),
 array([-2.77934418e-01,  1.24876772e-02,  1.25199965e+00,  1.00141723e+00,
         2.85320556e-03,  9.45950912e-04,  3.59859806e-03,  7.52326970e-05,
        -6.83494371e-04,  1.27152204e+00, -7.27579549e-03,  6.68854078e-03]),
 array([-3.88596608e-03, -1.26009331e-02,  9.45381236e-01,  2.36228907e+01,
        -3.13935285e-03,  8.80895046e-04,  2.52580098e-03, -5.63268998e-04,
        -7.55455180e-04, -2.39319800e+00, -7.48406060e+00,  9.18817821e-03]),
 array([ 5.80151416e-02, -3.09356247e-02,  1.06967502e+00,  3.12291407e+00,
        -8.93767227e-03,  3.13829161e-04,  3.01921548e-03,  4.95773213e-04,
        -3.58762226e-04, -3.51918489e-01,  1.58994767e+00,  1.41985889e-02]),
 array([-7.51468036e-03, -1.27918993e-02,  9.42616805e-01,  1.89973060e+01,
        -3.58121252e-03,  8.67962831e-04,  2.26408400e-03, -5.85949145e-04,
        -7.51216123e-04, -1.78233488e+00, -7.77144835e+00,  9.26552008e-03]),
 array([-2.02763242e-02, -1.66998967e-02,  9.34196397e-01, -1.90578292e+00,
        -5.59672594e-03,  5.84791808e-04, -1.09979135e-03, -4.91188329e-04,
         7.82567348e-04, -4.12549051e+00,  2.78374680e+01, -7.39474346e-03]),
 array([-3.85889794e-04,  5.52331484e-03,  9.55230381e-01,  4.47488786e+01,
        -3.82039705e-03,  1.05418323e-03, -4.72835519e-04, -4.32921885e-04,
         6.53006215e-04, -4.21360514e+00, -6.17600834e+00, -6.37768704e-03]),
 array([ 5.80457046e-02,  2.34378795e-02,  1.00357111e+00,  1.05277879e+00,
         3.71902530e-03,  1.51814279e-03,  4.24775278e-04, -3.94005809e-04,
        -5.98982328e-04,  9.86110612e-01,  3.67756373e+00,  5.96477978e-03]),
 array([ 2.02318315e-03, -5.96645075e-03,  9.53589533e-01,  2.92140196e+01,
        -6.28378554e-03,  8.81428990e-04,  7.93999064e-05,  4.47045045e-04,
         6.75391870e-04,  3.60562919e+01,  4.96972487e+01, -5.05494098e-03]),
 array([ 4.84630861e-02, -3.23095905e-01,  1.31551061e+00, -5.49192734e-01,
        -2.06923733e-03,  5.34319983e-04,  2.83466235e-03,  1.20201383e-04,
         4.93201912e-04,  1.28151227e+00, -3.72541316e-03, -8.44234885e-03]),
 array([ 1.24384421e-03, -4.50818553e-03,  9.45238806e-01,  3.71206728e+01,
        -4.89943203e-03, -1.59047101e-03,  4.14002453e-04,  4.43442931e-04,
        -6.60299170e-04, -5.33315015e+00, -8.08527070e+00,  6.46838203e-03]),
 array([ 9.20979770e-03, -1.26548173e-02,  9.39005786e-01,  1.05358598e+01,
        -5.07984971e-03, -1.58927285e-03,  5.24617581e-04, -3.97654470e-04,
         6.60034775e-04,  2.06304437e-01,  9.28647616e+00, -6.18240697e-03]),
 array([ 1.23812522e-01, -5.36306742e-03,  1.02938822e+00,  2.37250067e+00,
         3.52919620e-03, -7.13862023e-04,  1.42830220e-04, -4.22598822e-04,
        -7.08597655e-04, -3.39584710e-01,  1.13792335e+00,  8.87702527e-03]),
 array([ 1.57045679e+00, -2.78140353e-01,  9.57445114e-01, -2.51346025e-01,
         1.27102404e-03, -1.31783902e-03,  6.64135533e-03,  2.33744679e-04,
         2.97937563e-05,  1.23591651e+00,  1.28484013e+00,  3.75552463e-03]),
 array([ 7.00199665e-03, -7.35585640e-04,  9.48565845e-01,  1.38709808e+01,
        -2.26983634e-03,  9.37376346e-04,  9.51615810e-04,  5.39596839e-04,
         7.58144785e-04,  2.30115075e+00,  1.25508274e+01, -9.57900877e-03]),
 array([-9.76186299e-04,  8.15710631e-03,  9.46311005e-01,  1.36346089e+01,
        -3.30258733e-03,  1.08389377e-03,  6.44253443e-03,  1.35386351e-04,
        -6.88795377e-04,  1.58626879e+00,  3.47837173e+01,  4.65960896e-03]),
 array([ 2.48471704e-02, -3.02344364e-02,  9.33391711e-01,  5.81857519e+00,
        -6.35275508e-03,  9.25027510e-04, -6.39761819e-03,  2.35447895e-04,
         7.15441214e-04,  2.23498253e+00,  2.42314620e+00, -5.71863237e-03]),
 array([-2.95559393e-01,  3.84705415e-02,  1.26162140e+00,  1.17269027e+00,
        -2.53377837e-04, -9.99328143e-04,  7.27762626e-03,  4.12392319e-05,
        -6.35379045e-04,  1.24002644e+00, -2.21165880e-01,  4.14958227e-03]),
 array([ 6.63923944e-02,  1.36891238e-01,  8.25740939e-01,  4.36255837e-01,
         2.16611982e-03,  1.19576679e-03, -1.16311061e-03, -1.31010771e-03,
         5.61289566e-04,  2.11785928e-01,  3.35966392e+00, -2.34571761e-02]),
 array([ 2.57727271e-02,  1.31210202e-01,  8.04107293e-01, -1.65068140e-01,
         6.05369070e-03,  1.74472227e-03,  8.88984538e-03, -4.52709512e-04,
         2.29539931e-04, -7.51570714e-01,  2.44927591e+00, -1.85836589e-02]),
 array([ 1.71390098e-02,  2.81884573e-01,  8.26312769e-01,  8.31547979e-01,
         1.17115536e-02, -5.57771601e-04, -1.04849340e-02, -4.10921581e-04,
         1.86927884e-04,  1.47563961e+00,  2.09270551e+00, -1.94533639e-02]),
 array([ 6.27589831e-03, -2.54668387e-02,  9.49438178e-01,  6.86574789e+00,
        -5.71835465e-03,  9.20469577e-04, -4.04967839e-04, -4.21178891e-04,
        -6.47452610e-04,  3.33831954e+00, -5.85674834e+00,  5.82503535e-03]),
 array([ 1.56884039e+00, -2.48995846e-01,  9.57698332e-01, -2.31270101e-01,
         2.72855843e-03, -1.15959255e-03,  5.76765270e-03,  8.66179775e-05,
         2.72906951e-05,  1.24223736e+00,  1.29374196e+00,  3.88923841e-03]),
 array([ 4.46698673e-03,  6.54504251e-02,  1.01712553e+00,  3.50838617e+00,
         1.41320338e-03,  9.54279058e-04,  9.33209919e-04,  6.29637628e-04,
        -3.71146296e-04,  1.28011860e+00, -4.33105267e+00,  1.64851882e-02]),
 array([-3.37058655e-01, -4.57554744e-03,  9.61999969e-01, -2.61552322e-01,
        -1.26410797e-03,  8.00800293e-04,  3.15890552e-03,  1.23157583e-04,
        -7.58502127e-04, -2.24410828e-01,  1.26874679e+00,  8.81057692e-03]),
 array([-6.16737156e-01, -1.93529380e-03,  9.56516608e-01,  1.13919186e+00,
         6.57878692e-03, -9.17879174e-04,  1.90820449e-03, -3.41449826e-04,
         6.58644747e-04, -7.42267589e-02, -1.27979250e-02, -6.11203691e-03]),
 array([-1.24105181e-02, -5.39076042e-02,  1.00858145e+00,  4.47865990e-01,
        -7.65567179e-03,  6.63591544e-04,  6.19733933e-03, -4.18738627e-05,
        -2.21677809e-04, -1.10676164e-01,  1.17780274e+00,  1.33304881e-02]),
 array([-1.46172940e-03,  2.49884774e-03,  9.91918540e-01,  3.37405043e+00,
        -1.25501512e-03,  8.05452777e-04, -2.10451084e-03, -4.71771438e-04,
        -3.78677484e-04, -7.77960741e-01, -1.49571140e+00,  1.51496685e-02]),
 array([-1.96035140e-03,  4.01019262e-03,  9.46426482e-01,  5.67517997e+01,
        -4.83131212e-03,  9.68478596e-04, -4.33420695e-04,  3.96796261e-04,
        -6.51694015e-04, -9.69192306e+00,  5.45388612e+01,  5.51616884e-03]),
 array([ 1.49855612e-02, -6.21338516e-03,  9.46427293e-01, -1.97794353e+00,
        -7.40901989e-03,  9.68570159e-04,  2.76098638e-04, -4.30719269e-04,
         6.68096631e-04,  3.17146236e+00,  2.51868155e+01, -5.93129513e-03]),
 array([ 2.82406803e-03, -1.13121597e-02,  9.43825544e-01,  2.60080019e+01,
        -1.51500650e-03, -1.16952573e-03,  2.61225190e-03,  5.14141903e-04,
        -7.54296509e-04,  7.06442116e+00, -4.75197418e+00,  9.30484022e-03]),
 array([-1.20152896e-01, -1.01673828e-02,  9.93504009e-01, -4.46943743e-01,
        -1.51102261e-02,  3.38305864e-05,  5.10671158e-03, -1.23727827e-04,
        -4.83389431e-04,  1.04732656e+00, -1.44976500e-02,  1.38573089e-02]),
 array([-7.36057860e-04,  6.15164138e-03,  9.49470967e-01,  3.83736700e+01,
        -3.66008655e-03,  1.04729114e-03, -3.89832969e-04,  4.21754480e-04,
        -6.49672859e-04, -1.15008983e+01,  4.79895811e+01,  5.16100712e-03]),
 array([ 4.63082893e-03, -5.35618536e-03,  9.52720772e-01,  1.42983943e+01,
        -5.70843540e-03,  9.73819308e-04, -4.41220780e-04,  4.50003476e-04,
         6.83406206e-04,  2.24049179e+01,  4.12004408e+01, -5.47676183e-03]),
 array([-2.28069951e-03,  1.52959771e-03,  9.46298996e-01,  9.99443373e+00,
        -9.34297089e-04,  8.81988127e-04,  1.77506645e-03,  5.08239285e-04,
        -4.03005069e-04,  1.84772489e-02, -1.04256078e-01,  1.57387356e-02]),
 array([-1.44428760e-02,  8.23893530e-03,  9.34005341e-01, -1.87696233e+00,
        -5.44771837e-03,  8.85299730e-04, -4.28253002e-04, -4.29965215e-04,
        -6.72218387e-04,  2.93732669e+00,  2.64205719e+01,  5.75068109e-03]),
 array([-1.93441803e-02,  9.20281820e-03,  9.40734342e-01, -2.53043346e+00,
        -5.28850455e-03,  7.53846902e-04, -4.33256087e-04, -4.20229131e-04,
        -6.68857264e-04,  2.05630169e+00,  4.17962593e+01,  4.79543885e-03]),
 array([ 1.59744327e+00, -2.75419189e-01,  9.54535696e-01, -2.40670196e-01,
         1.98006052e-03, -1.27420065e-03,  6.40157807e-03,  1.68977037e-04,
         3.84285328e-05,  1.23130573e+00,  1.29140409e+00,  3.70903732e-03]),
 array([-1.10617981e-02,  3.64015496e-03,  9.32204767e-01, -1.87192492e+00,
        -8.45420551e-03,  6.41460964e-04, -5.48175501e-04, -4.35492680e-04,
        -6.49320988e-04, -5.16026109e+00,  4.93841310e+01,  5.84397737e-03]),
 array([-2.28326927e-01, -6.58117039e-03,  9.68258032e-01, -3.50684376e-02,
         1.57922888e-02, -1.91562139e-04, -1.78430090e-04, -1.57439567e-04,
        -2.00291449e-04,  3.53737203e-02, -1.75844982e-02,  1.41164448e-02]),
 array([ 3.63607898e-03, -1.81908480e-02,  9.61333661e-01,  3.82781185e+00,
        -5.46192453e-03,  7.03510457e-04, -7.21721275e-04, -4.70425813e-04,
         7.44853997e-04,  1.67136693e+00,  3.46084296e+00, -9.11085459e-03]),
 array([ 5.83461345e-03, -2.28496007e-02,  9.55261972e-01, -4.11809894e+00,
         2.33715406e-03, -9.11800821e-04, -1.52552580e-03, -5.59260856e-04,
        -7.51262704e-04, -1.63686338e-01, -6.86033722e+00,  8.82038886e-03]),
 array([-4.70542875e-04,  5.40532119e-03,  9.58465771e-01,  4.48110858e+01,
        -3.23561051e-03, -1.42612489e-03, -7.98520562e-04, -4.29518592e-04,
        -6.52363639e-04,  3.65259710e+01,  5.04917422e+01,  5.23184374e-03]),
 array([-3.75858916e-03, -5.63635871e-03,  9.49909209e-01, -5.97465320e+00,
        -2.38760351e-03,  1.08724505e-03,  6.60580229e-03, -1.23317893e-04,
         6.88266201e-04,  1.81334262e+00,  4.11349258e+01, -4.84754026e-03]),
 array([ 1.93665311e-02, -1.64905499e-02,  9.37794990e-01, -1.50082120e+00,
        -5.04872770e-03,  9.59932507e-04,  6.55684764e-03,  1.26658971e-04,
        -6.95793846e-04,  7.06256556e-03, -6.21464004e+00,  5.60118100e-03]),
 array([ 7.36750078e-02, -3.63822218e-02,  1.00931151e+00,  2.75678675e+00,
         8.49428604e-03, -5.84862655e-04, -5.29804154e-03, -4.68907028e-05,
        -1.96568320e-04,  1.22926990e+00,  1.97887149e+00,  1.34361787e-02]),
 array([-1.25594719e-02, -9.43627266e-03,  9.43217555e-01,  2.08683506e+01,
        -4.55092068e-03,  8.15978088e-04,  1.92427715e-03, -6.12758150e-04,
        -7.53090697e-04, -1.69103236e+00, -7.73666863e+00,  9.30656182e-03]),
 array([ 2.68043651e-02,  8.16954489e-02,  8.29989600e-01,  3.54846848e-01,
         1.17166315e-02,  2.06158009e-03,  1.12292341e-02,  2.05621990e-05,
         2.60226254e-04, -1.05386061e+00,  3.12061416e+00, -1.73564991e-02]),
 array([ 4.60789920e-04,  1.06189595e-02,  9.43405052e-01, -6.12903741e+00,
        -2.57251148e-03, -1.45072921e-03, -6.61401719e-04, -4.35752988e-04,
         6.61383514e-04,  2.59427987e+00, -8.87357176e+00, -6.14100977e-03]),
 array([ 3.23420903e-02,  1.39420042e-01,  8.15958782e-01, -3.48479552e-01,
         9.02134626e-04,  1.00561078e-03,  9.23904589e-05, -1.31894142e-03,
         5.48178687e-04, -1.32324390e+00,  2.42974352e+00, -2.29831441e-02]),
 array([ 1.52696288e-02, -2.90684586e-01,  1.08423701e+00, -4.91334730e+00,
        -1.39875205e-02, -1.61447806e-04,  3.04054863e-03,  1.49868912e-03,
         7.56292271e-04,  1.86391261e+00,  1.01579030e-01, -1.65505808e-02]),
 array([-4.81145073e-03,  5.83179013e-03,  9.51065012e-01,  9.58213549e-01,
        -2.80460161e-03, -1.49221814e-03, -8.56221397e-04,  4.28002690e-04,
        -6.54161696e-04,  1.46360388e+00,  2.26724205e+01,  5.98511335e-03]),
 array([ 1.45923049e+00, -2.67616606e-01,  9.59059358e-01, -2.57287235e-01,
        -3.11173909e-04, -4.99882061e-04,  1.40234725e-03, -7.10532852e-04,
        -4.99298273e-04,  1.21597561e+00,  1.31151506e+00,  1.40916370e-02]),
 array([-1.89302689e-02,  8.76844010e-03,  9.37628884e-01,  3.10135450e+00,
        -4.10781260e-03,  8.62964031e-04,  6.05778250e-04,  4.14709947e-04,
        -6.75161861e-04,  2.44492960e+00,  3.66272516e+01,  5.08369933e-03]),
 array([ 1.52881076e-02, -3.94077623e-02,  9.50777942e-01,  8.88316144e-01,
        -7.17186827e-03,  8.34460011e-04, -1.31706481e-03, -4.30901538e-04,
        -6.54534057e-04,  3.14509348e-01, -6.40064535e+00,  5.21999299e-03]),
 array([ 1.12884388e-02,  2.87934303e-01,  8.38823184e-01, -1.62752532e-01,
         1.05241445e-02, -6.49486690e-04, -1.14329458e-02, -1.48184006e-04,
         2.39999872e-04,  6.68056420e-01,  2.78033390e+00, -2.03038463e-02]),
 array([ 2.49741118e-02,  2.09893085e-01,  8.72304304e-01,  1.16704620e+00,
        -9.52485080e-03,  7.10233493e-04,  9.16956003e-03,  2.74251688e-05,
         2.54029607e-04, -6.10728290e-01,  2.69316568e+00, -1.82193175e-02]),
 array([-2.30256921e-03,  1.31925796e-02,  9.82862831e-01,  1.01667812e+00,
        -3.09890202e-03,  9.48111636e-04,  3.15154116e-03,  3.76968776e-04,
        -2.08160973e-04, -8.27105735e-01, -4.13339478e+00,  1.39269722e-02]),
 array([-3.00176529e-01,  4.49781561e-02,  9.21759780e-01,  4.54499339e-02,
         1.14046545e-03, -1.16430353e-03,  2.39780483e-03,  1.29029119e-04,
        -2.45723825e-04, -1.05716105e-02, -2.51978177e-02,  1.42944010e-02]),
 array([ 3.10339510e-02,  1.99913848e-01,  8.09209083e-01, -8.01624056e-01,
         1.65892386e-02,  4.72451612e-06,  3.74928003e-03,  2.63252663e-04,
         4.81608831e-04,  8.87000497e-01,  2.46238138e+00, -2.12804032e-02]),
 array([ 1.60383859e+00, -2.75823441e-01,  9.55244939e-01, -2.28406921e-01,
         3.11427321e-03, -1.20773891e-03,  6.08559649e-03,  6.23608910e-05,
         4.50729942e-05,  1.24016902e+00,  1.28810921e+00,  3.68966091e-03]),
 array([ 2.13769692e-02, -1.25549580e-02,  9.48880952e-01, -2.30713766e+00,
        -4.27921452e-03, -1.37898680e-03,  7.59297590e-04,  4.24891972e-04,
         6.67832887e-04,  1.96367621e+00,  2.79717850e+01, -4.83921921e-03]),
 array([-7.43669684e-04, -6.43170977e-02,  9.45229917e-01,  1.03003738e+01,
        -6.85160677e-03,  7.32212840e-04,  1.19573953e-03,  4.49269470e-04,
         6.51653903e-04,  8.58720097e+00,  1.78261480e+00, -5.95827236e-03]),
 array([ 1.52558830e+00, -2.71291239e-01,  9.69142906e-01, -2.53802336e-01,
         7.90074251e-05, -1.34615732e-03,  6.76313969e-03,  3.31132159e-04,
         4.02801067e-06,  1.22417783e+00,  1.27150222e+00,  3.89882017e-03]),
 array([-1.34453965e-01, -2.43790753e-02,  9.35729525e-01,  9.98398183e-01,
         6.39917982e-03, -9.29274956e-04,  8.97341147e-05, -4.34456117e-04,
        -6.37714198e-04, -1.91385899e-02, -1.83939039e-01,  7.26128320e-03]),
 array([-2.22931124e-03,  5.16464547e-03,  9.53187145e-01,  4.38742307e+01,
        -3.95884999e-03,  1.00732574e-03, -3.79175702e-04,  3.98440139e-04,
        -6.42156092e-04, -1.09987919e+01,  4.79943181e+01,  5.38454956e-03]),
 array([-2.29478006e-02,  4.51517475e-03,  9.80377148e-01,  1.07685002e+01,
        -7.54116898e-04, -9.68702646e-04,  8.41512288e-04, -5.77587912e-04,
        -3.91982557e-04, -1.24064697e+00, -9.57184301e-01,  1.49411376e-02]),
 array([ 3.12021108e-03,  6.01279497e-03,  9.31597771e-01, -1.05893734e+01,
        -1.97766051e-04, -1.27170089e-03, -4.77768343e-04,  4.29023152e-04,
        -6.59744263e-04,  2.94743509e+00,  5.99069839e+01,  4.97697157e-03]),
 array([ 9.40282529e-04, -7.41004041e-03,  9.60865359e-01,  3.94059762e+01,
        -5.29599403e-03,  8.85357609e-04,  6.57813420e-04,  4.37127578e-04,
         6.60104351e-04,  4.22844620e+01,  5.00833141e+01, -4.65364295e-03]),
 array([ 1.44057353e+00, -3.29755094e-01,  9.64085649e-01, -2.19356682e-01,
         4.18299932e-03, -6.37217410e-04, -4.42880384e-03, -3.75808209e-04,
         1.16674368e-03,  1.29634341e+00,  1.67317530e+00, -1.56161800e-03]),
 array([ 2.70272263e-04,  3.09239414e-03,  9.88513336e-01, -5.62376411e+00,
        -6.34415630e-04,  9.65500894e-04,  1.17045283e-03, -4.90292450e-04,
        -7.20924609e-04, -9.74070630e+00,  4.58048014e+01,  8.55727233e-03]),
 array([-3.38891502e-03,  5.67389028e-03,  9.79578394e-01, -8.12121965e+00,
        -5.93198763e-03,  8.28821471e-04, -2.31765529e-04, -4.07159091e-04,
        -6.26408233e-04, -1.02499509e+01,  5.64365739e+01,  4.82959213e-03]),
 array([-4.06535607e-02, -4.26308068e-02,  9.14229870e-01, -6.51220668e-01,
        -9.42815461e-03,  6.09448032e-04,  6.36607410e-03, -7.29419334e-05,
        -2.23022543e-04, -1.82699261e+00,  7.08354120e+00,  1.59900208e-02]),
 array([ 2.29286234e-03,  5.52488572e-03,  9.43197871e-01,  1.62620628e+00,
         1.19148243e-03,  1.39340437e-03, -3.16568287e-04, -4.31459676e-04,
        -6.69562854e-04, -1.25007916e+01,  5.82460115e+01,  5.06111841e-03]),
 array([ 3.18962130e-04,  2.88995214e-03,  9.50059778e-01,  5.43735689e+01,
        -4.14073708e-03,  1.04576873e-03, -7.73348790e-05,  4.34371360e-04,
        -6.52778486e-04, -1.05207457e+01,  5.25834245e+01,  5.89002599e-03]),
 array([ 1.00421625e-02, -6.49179576e-03,  9.61841736e-01,  9.96929320e-01,
         4.40353234e-03, -1.04973852e-03, -6.43632556e-03,  8.13185356e-05,
        -5.28052168e-04, -1.13300232e-01, -1.34343695e-01,  8.38662372e-03]),
 array([-2.51730530e-01, -1.07053376e-01,  9.62599706e-01,  4.20560909e-02,
         1.55002895e-02, -2.34688160e-04,  9.71256381e-05, -1.50521345e-04,
        -1.96196329e-04, -3.00078006e-03,  2.09639826e-01,  1.42979588e-02]),
 array([-3.46843646e-03,  3.02792738e-03,  9.08733028e-01,  6.64984846e+01,
        -9.46739012e-03,  5.63515013e-04, -2.16236878e-03,  5.86335185e-04,
        -5.53999929e-04, -9.68371215e+00, -8.60931523e+00,  1.38256782e-02]),
 array([ 1.09855468e+00,  1.33884490e+00,  1.23963312e+00, -2.44041487e-01,
         8.05187147e-04,  5.19573645e-06, -6.80615304e-04,  8.67207243e-05,
         9.42530005e-05,  2.28029718e+00,  1.02080692e+00, -4.96845517e-04]),
array([ 6.13931487e-02, -4.97284306e-01,  9.60536224e-01,  1.52091231e+00,
        -9.22921064e-03,  4.01096957e-04, -6.25240663e-03, -4.57693879e-05,
        -4.28487258e-04,  4.22856362e-01,  3.46869471e+00,  2.34590017e-02]),
 array([ 3.52163877e-02,  2.58279078e-01,  8.50761800e-01,  1.05285807e+00,
        -1.83681173e-02,  3.62795496e-04, -8.33922026e-03, -1.02495917e-05,
         2.66058836e-04,  1.30159118e+00,  1.60285034e+00, -1.78617452e-02]),
 array([ 1.35883757e-03,  5.50035533e-03,  9.40090319e-01,  4.00681431e+01,
         1.17998773e-02, -3.31658277e-04, -2.15360430e-03, -4.90846625e-04,
        -7.61062060e-04,  2.38785510e+00,  4.25808964e+01,  8.44463012e-03]),
 array([ 9.82468816e-02,  6.69848578e-02,  6.64962297e-01,  1.59593436e+00,
         1.18353201e-03,  1.49938302e-03,  1.54936316e-03, -5.38993816e-04,
        -2.70301033e-04,  3.89739267e-01, -5.42396856e+00,  2.33324390e-02]),
 array([ 6.56666615e-02,  1.87273627e-03,  5.96105633e-01,  9.43462624e+00,
        -1.24625896e-02,  1.12857876e-03, -1.00078656e-02,  5.31389867e-04,
        -4.00381495e-04, -4.72206983e-01, -1.36473950e+00,  2.19895870e-02]),
 array([-1.03151429e-02, -8.52130996e-03,  9.22444990e-01,  4.74729912e+00,
         2.30474845e-03, -9.39582124e-04,  5.97970172e-04,  4.90739444e-04,
         7.28534669e-04, -7.49999162e-01,  2.44504905e+00, -1.07931237e-02]),
 array([-1.35607219e-03,  2.65872211e-02,  9.47028541e-01, -4.68350378e+00,
         5.06003683e-03, -7.43627021e-04,  1.85291392e-03, -5.63453451e-04,
         7.53429138e-04,  3.28449327e-01, -6.36571429e+00, -8.92746648e-03]),
 array([ 1.02868012e-01,  7.50779000e-03,  9.65253535e-01,  9.02732025e-01,
         7.29075041e-03, -5.30791644e-04, -6.23865033e-03,  8.96290085e-05,
        -7.94340309e-04, -3.64199074e-01,  1.28512374e+00,  8.54695901e-03]),
 array([-1.09709277e-01, -6.46987007e-03,  7.15738466e-01,  1.08452084e+00,
         4.03716695e-04, -1.16508220e-03, -2.29911636e-04, -7.20078938e-04,
        -5.18580232e-04, -3.00876797e-01, -6.96524766e-01,  2.09144175e-02]),
 array([-2.20906907e-02,  6.94363574e-02,  6.73893471e-01,  1.00703613e+00,
         1.34135298e-03,  1.35466594e-03, -2.45569406e-04,  1.27393323e-03,
        -5.75158192e-04, -1.82962460e+00, -5.08545777e+00,  2.63173373e-02]),
 array([ 6.70344721e-03,  3.44270590e-03,  9.81354458e-01, -9.39361715e+00,
        -2.75847206e-03, -1.05600691e-03,  8.67580420e-03, -5.78287295e-05,
        -7.95383219e-04, -7.05244509e+00,  5.37557726e+01,  7.50244056e-03]),
 array([-1.02967216e-03, -8.31113003e-03,  9.64211160e-01, -2.90585603e+00,
         1.81506234e-03,  1.11246760e-03,  8.19416243e-03,  4.56643354e-05,
        -7.94497470e-04,  1.94441665e+00, -5.83868534e+00,  8.31141269e-03]),
 array([ 1.91701189e-03,  2.73512140e-02,  9.67356502e-01, -3.02964940e+00,
         1.65072848e-03, -9.21808929e-04,  1.54231798e-03,  5.51186142e-04,
        -7.41984456e-04,  6.19909113e-01,  2.65667680e+00,  9.14723091e-03]),
 array([ 1.55937595e+00, -2.38117839e-01,  1.02415477e+00, -2.23068521e-01,
         2.81301760e-03, -9.88080630e-04,  5.05124118e-03,  5.83034473e-05,
         1.60673516e-05,  1.24712362e+00,  1.28871938e+00,  4.04002121e-03]),
 array([ 3.25711545e-02, -4.00114622e-03,  1.10168497e+00, -1.33653434e+00,
        -1.47279553e-02, -1.73760521e-03,  9.72279079e-04, -4.97498939e-04,
        -3.66253051e-04,  1.09363867e+00,  9.65558920e-02,  1.29352761e-02]),
 array([ 9.48851246e-03,  3.21200352e-02,  9.83803320e-01, -3.39603346e+00,
        -9.91814319e-06,  1.01292721e-03,  1.75473641e-03, -4.51644043e-04,
        -7.27825258e-04,  6.65034173e-02,  1.64017084e+00,  8.90921410e-03]),
 array([ 9.05866784e-03, -2.02015708e-02,  9.51676573e-01,  1.40022352e+01,
         4.15937746e-03, -8.25640935e-04,  2.57352279e-03,  5.11186885e-04,
        -7.45052530e-04,  2.95297442e+00, -4.66250120e+00,  9.01140016e-03]),
 array([ 1.49066406e+00, -2.54914349e-01,  1.02096335e+00, -2.43176936e-01,
        -2.65938551e-04, -1.21520314e-03,  6.08374633e-03,  3.27662085e-04,
        -1.19588875e-05,  1.23711634e+00,  1.27008215e+00,  4.12042675e-03]),
 array([ 1.15668270e-02, -1.41275996e-02,  9.58151948e-01, -3.00062336e+00,
         9.06671226e-03, -5.18363466e-04, -1.23631882e-03, -5.47616146e-04,
        -7.49140417e-04, -3.76243922e-01, -6.85972158e+00,  9.06177574e-03]),
 array([ 2.10365260e-02, -1.02583169e-02,  9.65647341e-01,  2.88055674e+00,
         9.33608279e-03, -7.14030697e-04, -6.63339342e-03,  1.09466696e-04,
        -6.70382542e-04, -5.22249963e-01, -1.30714864e+00,  6.12695375e-03]),
 array([ 4.41860985e-02,  7.00075995e-02,  8.46111334e-01,  3.71248421e+00,
         1.89099601e-02,  1.12968539e-04,  6.74571414e-03, -1.56069345e-04,
         5.08347688e-04,  8.12753086e-01,  3.40501814e+00, -1.82045903e-02]),
 array([ 2.90524680e-02,  9.11586891e-02,  8.21695050e-01, -2.79295033e-01,
         1.03321158e-02,  2.01387753e-03,  1.18909686e-02,  1.48500510e-05,
         2.64186299e-04, -1.05422391e+00,  4.98595574e+00, -1.86486117e-02]),
 array([ 1.56986860e+00, -2.24259057e-01,  1.02476757e+00, -2.22996212e-01,
         2.27307107e-03, -9.93424031e-04,  4.98285059e-03,  1.00981182e-04,
         1.44630587e-05,  1.23963297e+00,  1.29191114e+00,  4.04955742e-03]),
 array([ 3.57105528e-02,  2.22228067e-01,  7.41938167e-01, -3.03208616e+00,
         1.30594531e-02, -2.13303579e-04,  6.04597031e-03,  2.21778230e-04,
         5.39384558e-04,  1.51462515e+00,  3.64645320e+00, -2.52034105e-02]),
 array([ 7.50757124e-03,  7.17399456e-03,  9.48076397e-01,  4.74239012e-01,
        -7.59330659e-04, -9.75737020e-04,  8.72366388e-03, -3.84467926e-05,
        -8.19387478e-04, -4.05488881e+00,  4.47076632e+01,  7.06324114e-03]),
 array([ 1.55107629e+00, -2.75550767e-01,  1.00606624e+00, -2.50397586e-01,
         8.62679059e-04, -1.22069145e-03,  6.23162166e-03,  2.44578889e-04,
         1.62747872e-05,  1.23733640e+00,  1.27070055e+00,  3.90429006e-03]),
 array([ 5.35438654e-03, -1.70861294e-02,  9.46253662e-01,  4.48739673e+01,
        -9.05144077e-04,  1.00342989e-03,  5.00120720e-03, -4.71930015e-04,
        -7.64332646e-04, -4.90199324e+00, -1.10619660e+01,  8.74605091e-03]),
 array([ 1.40620192e+00, -2.97550485e-01,  1.01247089e+00, -3.40762306e-01,
         1.16891679e-03,  1.48045995e-03,  3.33745909e-03,  3.06996791e-05,
        -1.19730587e-04,  1.14632130e+00,  2.10830822e-01,  4.29395050e-03]),
 array([ 1.01449384e-02,  5.31704503e-03,  9.83150904e-01, -9.38697819e+00,
         6.52107080e-04, -8.39625300e-04,  1.46124515e-03,  4.82369087e-04,
        -7.36477364e-04, -5.10627334e+00,  4.89925690e+01,  8.10316225e-03]),
 array([ 1.31268351e-02, -1.48018430e-02,  9.57183360e-01, -2.25214249e+00,
         7.67003673e-03, -6.02078917e-04, -1.19058228e-03, -5.48381923e-04,
        -7.50963548e-04, -4.28247039e-01, -5.94759851e+00,  9.09939845e-03]),
 array([-3.18817324e-01,  4.10090954e-03,  1.02101088e+00,  5.56258853e-03,
         2.39376395e-05,  1.20772417e-03,  7.92534841e-04,  3.64348394e-04,
         2.33012413e-04,  1.18235539e+00, -3.01289655e-03, -1.06006311e-02]),
 array([ 8.94423546e-03, -2.59028967e-03,  9.63352708e-01,  3.80803704e-01,
         5.92496371e-03, -6.73485211e-04, -8.17780692e-03,  5.32273302e-05,
        -7.92943122e-04, -9.77840978e-01, -6.75853646e+00,  8.53693817e-03]),
 array([ 2.24795008e-02, -1.71265691e-02,  6.57298416e-01,  1.05474540e+01,
         1.04056269e-02, -5.03711420e-04,  4.96491497e-03, -7.24525619e-04,
        -5.67547105e-04,  7.71782790e-01,  2.06773211e+01,  2.56377701e-02]),
 array([-9.17827214e-03, -1.16170769e-02,  9.62862128e-01,  4.90504589e-01,
        -6.27604234e-04, -1.02416768e-03,  8.51844197e-03, -6.82335189e-05,
        -7.94883105e-04, -6.10568113e-02, -7.78355867e+00,  8.09520958e-03]),
 array([ 6.48438896e-02,  8.16137811e-02,  6.73140380e-01,  2.01196415e+00,
        -2.73973575e-03,  1.06370557e-03, -8.00349868e-03,  2.83341666e-04,
        -6.11500310e-04,  5.09533377e-01, -5.71659844e+00,  2.44658605e-02]),
 array([-2.67465014e-02,  1.10477563e-02,  9.34120115e-01,  3.33649973e-01,
         9.53528008e-03, -7.36181650e-04,  6.94491565e-03, -9.29872129e-05,
        -7.00201096e-04,  5.39642332e-02,  3.36758421e-01,  6.19933885e-03]),
 array([-4.32805608e-01,  1.05367971e-02,  9.53991466e-01, -3.26577145e-01,
        -5.06593446e-03,  8.32169014e-04, -1.22949083e-03,  3.12504190e-04,
        -6.14541039e-04, -2.66494717e-01,  1.25606443e+00,  6.33558010e-03]),
 array([ 8.24482380e-03, -1.75739409e-02,  9.41589123e-01, -2.20640182e-01,
        -1.47908616e-02,  3.63729056e-04,  7.26053054e-03, -1.25772849e-05,
        -2.28166551e-04,  9.58039792e-01,  2.14681533e+01,  1.59794177e-02]),
 array([ 2.58891295e-02, -4.05266162e-02,  9.75079018e-01,  3.83814540e+00,
        -9.20077651e-03,  7.43574175e-04, -6.22788372e-03,  2.24456883e-04,
         6.63925491e-04, -3.79012520e-01,  4.73277070e+00, -4.90986499e-03]),
 array([ 9.03013525e-02, -3.29360676e-01,  9.32526964e-01, -2.48896315e+00,
        -1.65915629e-03,  7.75548189e-04,  3.16961712e-03,  3.56352066e-04,
         9.17243042e-04,  1.31474808e+00,  8.20297774e-03, -9.47896706e-03]),
 array([ 3.82685103e-02,  1.18561229e-01,  7.60012188e-01, -5.75490645e+00,
         1.59780579e-02, -4.02019523e-04,  4.09126965e-03,  4.85131100e-04,
         2.52204698e-04,  1.13556888e+00,  2.90117017e+00, -2.05858378e-02]),
 array([-3.12203343e-03,  1.07248144e-02,  9.63657417e-01,  1.26386804e+01,
         8.47257737e-03, -5.33941507e-04, -1.68402072e-03, -4.95243336e-04,
        -7.42434488e-04,  9.51001711e-02,  9.21766903e+00,  8.92283847e-03]),
 array([-3.34763320e-03, -2.96280913e-02,  9.35055487e-01,  9.90898019e-01,
         4.63180426e-03,  1.33930716e-03,  1.03666709e-03, -5.77101232e-04,
        -7.68941650e-04,  6.26026594e-01, -6.96339082e+00,  8.79061035e-03]),
 array([ 3.63052035e-02,  1.31415064e-01,  8.57050480e-01,  4.69347622e+00,
         1.38887341e-02, -5.11274513e-05, -2.38837295e-03, -1.22984443e-03,
         5.27395702e-04,  1.17899522e+00,  1.26574652e+00, -2.09570500e-02]),
 array([ 1.50655686e+00, -2.16052322e-01,  1.02986549e+00, -2.79019267e-01,
         2.14103423e-03, -9.80518453e-04,  4.85508285e-03,  9.24445127e-05,
         9.86261356e-06,  1.28972974e+00,  1.29942942e+00,  4.21008623e-03]),
 array([-2.46890226e-02, -6.89456934e-02,  9.38576719e-01,  5.50296795e+00,
        -3.25650297e-04,  9.64860003e-04,  8.76304816e-03, -3.23830699e-05,
        -8.35947832e-04,  3.09659979e+00, -2.13382336e+00,  8.03832793e-03]),
 array([-1.84478371e-01,  7.60897542e-02,  6.49979902e-01,  2.01127365e+00,
         3.31810411e-03, -1.14992031e-03,  1.79565096e-03,  9.55974693e-05,
        -6.26505633e-04, -1.93569883e-01, -8.61845078e-01,  2.24271457e-02]),
 array([ 1.54417641e+00, -2.06368781e-01,  1.01937834e+00, -2.19552822e-01,
         2.53252954e-03, -9.55995973e-04,  4.75510634e-03,  7.61509877e-05,
         2.96215741e-06,  1.24184658e+00,  1.29888630e+00,  4.13555354e-03]),
 array([-4.10967961e-03, -1.27933533e-02,  9.65229418e-01, -4.51056587e+00,
        -7.82229473e-03,  5.42305866e-04,  7.96619759e-03,  4.68253374e-05,
        -7.94470699e-04,  1.64543717e+00, -7.09429014e+00,  8.09222222e-03]),
 array([ 1.46621482e+00, -2.03542501e-01,  9.69806280e-01, -3.60126874e-01,
         2.81002631e-03, -1.03436699e-03,  4.92796026e-03,  1.05474013e-05,
        -1.20884891e-05,  1.26883610e+00,  1.30191907e+00,  4.28262046e-03]),
 array([-1.13919300e-02,  1.02746502e-02,  9.51463464e-01,  6.62344405e+00,
         7.46463674e-03,  1.37547945e-03, -1.39366399e-03,  5.15253392e-04,
        -7.28697152e-04, -3.70100069e+00,  3.12216842e+01,  8.17626296e-03]),
 array([ 6.06174588e-03, -1.22085175e-02,  9.58317359e-01,  2.80121928e+01,
        -2.71719763e-03,  8.71901396e-04,  2.85807263e-03, -4.78125651e-04,
        -7.51937692e-04, -3.24479245e+00, -8.47120599e+00,  9.04890284e-03]),
 array([-1.29554087e-01, -3.23315072e-02,  6.67823236e-01,  3.45764624e+00,
         3.39332621e-03, -1.21195875e-03, -8.90657975e-04, -1.04836072e-03,
        -5.45502341e-04, -4.95946530e-01,  2.35948665e+00,  2.35165655e-02]),
 array([-2.70884303e-02, -6.10751006e-03,  9.42503213e-01, -1.77953645e-02,
         4.30693685e-03, -7.44638459e-04,  7.99733472e-03, -6.89894751e-05,
        -8.26467852e-04,  2.26530461e+00, -4.02867013e+00,  8.63170397e-03]),
 array([-2.71848604e-03, -9.63492143e-03,  9.60170364e-01,  3.56482033e+00,
        -8.37332571e-04,  1.22477153e-03, -7.21113406e-04,  4.23854105e-04,
         6.48162189e-04,  7.82684944e-01,  6.25275086e+00, -6.21599273e-03]),
 array([-1.26374650e-02,  1.66233413e-02,  9.61495217e-01,  8.27803977e+00,
        -2.29692993e-03, -1.12169179e-03,  7.14409317e-03, -7.81211070e-05,
        -8.14233676e-04,  6.07589570e+00,  7.02111515e-01,  8.56480248e-03]),
 array([-6.92587703e-03,  2.34447749e-02,  9.57068402e-01,  4.80459713e+00,
         3.28180378e-03, -8.05753923e-04,  7.43979386e-03, -4.61363404e-05,
        -8.05298400e-04,  3.26577062e+00,  4.55250287e+00,  8.08393712e-03]),
 array([-9.92453746e-02,  1.36042791e+00,  1.01289018e+00, -4.46288668e-01,
         2.90779352e-03, -6.17546176e-04, -6.03497287e-03,  1.01205479e-04,
        -1.53136921e-04,  1.03893250e+00, -1.79257542e-01,  1.39350229e-02]),
 array([-1.69711618e-02,  1.01931496e-02,  9.52642363e-01,  4.17734863e+00,
         1.19611876e-02, -3.31657560e-04, -1.35168879e-03, -5.00785406e-04,
        -7.49890039e-04, -5.08796877e-01,  3.33190075e-01,  9.49457793e-03]),
 array([ 1.01515339e-01, -3.29882174e-02,  9.68075997e-01,  2.35534412e+00,
         1.15930079e-02, -3.12708291e-04, -5.62754277e-03,  7.01219584e-05,
        -7.85325223e-04, -2.68741134e-01, -8.85654865e-02,  8.61668834e-03]),
 array([ 2.18733943e-02, -2.07500851e-03, -7.51008444e-03,  5.30412457e+00,
         1.02786977e+00, -2.93197687e-01, -2.44448868e-01,  1.90756147e-01,
        -2.88058979e-01,  2.61329940e+02,  1.22728909e+02, -7.46878874e-02]),
 array([ 2.71408992e-03, -1.05242773e-02,  8.53084022e-01,  2.85107468e+01,
         1.79521572e-02,  2.13134847e-03, -7.63727019e-03,  1.31132573e-04,
        -4.81143241e-04,  1.25492115e+01,  3.54919008e+01,  1.88397096e-02]),
 array([ 6.48553843e-03, -1.19912835e-02,  9.65342727e-01, -6.20393203e-01,
         1.01184252e-03, -9.55735634e-04,  8.93041160e-03, -5.42716305e-05,
        -7.98124251e-04, -1.30618563e+00, -7.65488737e+00,  8.08128145e-03]),
 array([ 1.04610853e-03,  6.78788911e-03,  9.46595806e-01, -6.23147783e-01,
         1.51857076e-03,  1.14063779e-03,  1.08464439e-03,  4.99894118e-04,
         7.54561128e-04,  8.34854908e-01, -6.07068091e+00, -9.40896217e-03]),
 array([ 7.77848217e-04,  2.93149349e-02,  9.24260216e-01, -4.98209852e-01,
        -1.20954460e-03, -1.40612118e-03, -5.93119832e-04,  4.70738086e-04,
         5.42309614e-04,  1.14806284e+00,  1.02005032e+00, -9.64997641e-03]),
 array([ 4.77850748e-02,  1.39071864e-01,  8.11956836e-01,  1.90348621e+00,
         3.80956538e-03, -1.08921527e-03,  2.72505586e-03, -5.52213169e-05,
         2.83690109e-04,  6.41022420e-01,  2.54719156e+00, -1.83422699e-02]),
 array([ 1.15533096e-02, -6.10853486e-03,  9.69963656e-01,  8.89236206e-01,
        -5.19414768e-03,  6.91959993e-04,  1.25192661e-03, -5.06624053e-04,
        -7.41167608e-04, -5.88028693e-01, -6.97940201e+00,  9.18069041e-03]),
 array([ 5.49075459e-03,  4.78502062e-03,  9.21654636e-01,  1.24962354e+00,
        -3.52684488e-03,  8.95703182e-04,  1.38385556e-03,  5.55502968e-04,
         7.37684438e-04, -2.48495311e-01,  1.03835894e+00, -1.04297493e-02]),
 array([-1.66376971e-02,  1.16379246e-02,  9.52528337e-01,  1.89699985e+01,
         9.08803333e-03, -5.12141125e-04, -2.16334134e-03, -5.73858959e-04,
        -7.33672535e-04, -2.23640692e+00,  5.44165978e-01,  9.61401304e-03]),
 array([ 4.27895302e-03, -2.81892145e-02,  9.56328921e-01, -1.99864783e+00,
         1.97559063e-03, -8.93960438e-04,  8.98269345e-03, -7.05071408e-05,
        -8.05646509e-04, -1.35113071e+00, -6.60016323e+00,  7.67080878e-03]),
 array([-5.79731574e-03,  1.65281797e-02,  9.70769423e-01,  8.09919281e+00,
         7.95528018e-04, -9.50565197e-04,  7.36606434e-03, -4.81766005e-05,
        -7.80121511e-04,  3.20477414e+00,  3.20088804e+00,  8.45359163e-03]),
 array([ 2.63067709e-04,  2.08033998e-02,  9.89392139e-01, -3.81345459e+00,
        -5.81434221e-03,  6.61736818e-04,  1.33848997e-03, -4.59212721e-04,
        -7.16640004e-04,  2.43889338e-01,  7.30631340e-01,  9.16705283e-03]),
 array([ 4.15748498e-03,  1.02465965e-01,  9.63665362e-01,  8.08277072e-01,
        -1.04060765e-03,  1.19159981e-03,  2.39884026e-03, -3.98399361e-04,
        -6.46221702e-04, -1.01161288e+00,  8.54136190e-02,  6.60846385e-03]),
 array([-4.47951241e-02,  6.95710762e-02,  6.63437403e-01, -3.52241164e+00,
         6.54836908e-03,  1.81835045e-03,  3.51167330e-03,  1.23435015e-03,
        -5.97799437e-04,  5.36754453e-01, -6.91199147e+00,  2.73730185e-02]),
 array([-3.31732876e-02,  6.01631705e-02,  6.16353512e-01, -1.03060455e+00,
        -3.77660488e-03,  1.23930395e-03,  1.95401872e-03,  1.15203269e-03,
        -6.25979519e-04, -8.30046395e-02, -5.54041708e+00,  2.80343118e-02]),
 array([ 1.09007993e-03, -8.67068567e-03,  9.39207377e-01,  2.62296275e+00,
         8.32103415e-03,  1.78862438e-03, -7.07375111e-03, -1.42076002e-04,
        -6.98539401e-04,  8.42962957e-02, -5.65311275e+00,  5.82803912e-03]),
 array([ 8.45271092e-02,  3.08417565e+00,  6.98095176e-01, -3.38900862e-01,
         8.95313639e-03, -6.23961361e-05, -4.02624994e-03,  1.24552753e-04,
         4.36393469e-05,  1.11108266e+00, -9.54800804e-02,  2.04045478e-02]),
 array([ 1.39944338e+00, -3.08685272e-01,  9.97497280e-01, -3.53343946e-01,
        -8.99851815e-04,  1.45889543e-03,  3.84063873e-03,  1.91451428e-04,
        -1.31348140e-04,  1.13319715e+00,  4.44382335e-01,  4.79423894e-03]),
 array([ 2.28559086e-02, -4.06588249e-03,  6.68177980e-01, -1.81461404e+00,
        -2.42164844e-03,  1.17536191e-03, -2.50772234e-03, -7.14294014e-04,
        -5.65348356e-04, -1.48671172e-02,  1.26387998e+00,  2.24691400e-02]),
 array([ 7.40067834e-03, -1.20903138e-02,  9.54260271e-01, -4.39401595e+00,
        -2.91702463e-04,  9.80685083e-04,  8.34682979e-03,  2.56969258e-05,
        -8.01653809e-04,  1.41457772e+00, -6.25669622e+00,  8.25413062e-03]),
 array([ 1.39902294e+00, -2.93865135e-01,  1.02388814e+00, -3.44287178e-01,
        -2.36493679e-04,  1.53224757e-03,  3.76889974e-03,  1.45531285e-04,
        -1.15768362e-04,  1.15667037e+00,  5.92020074e-01,  4.78127212e-03]),
 array([-1.56021032e-02,  2.30572406e-01,  8.21508480e-01,  5.43310346e-01,
         1.64174344e-02, -5.58641106e-04, -1.66336482e-02,  4.40712765e-04,
         3.77302936e-04,  4.00329517e-01,  5.42825068e+00, -2.22276265e-02]),
 array([ 1.01908995e-02, -2.71163875e-03,  9.68568317e-01, -4.80075954e-01,
        -1.08415927e-03, -1.08781602e-03,  8.82973451e-03, -4.26381666e-05,
        -7.91761847e-04, -1.15166561e+00, -6.47062732e+00,  8.51947649e-03]),
 array([-2.48420887e-02,  1.29567431e-02,  9.58910853e-01,  1.41512369e+00,
        -1.89316426e-03, -1.13120538e-03,  7.51323610e-03, -7.04404150e-05,
        -7.94895938e-04,  1.84243724e-01,  6.48262164e-01,  8.57078889e-03]),
 array([ 1.90518994e-02,  8.20231828e-02,  6.44513741e-01,  2.27679011e+00,
        -4.84085920e-03,  1.40478373e-03, -2.21102691e-04, -6.74533595e-04,
        -2.74726067e-04,  1.43869343e+00, -7.52296806e+00,  2.61994186e-02]),
 array([-9.18368660e-03,  1.45581294e-02,  9.48999687e-01,  1.62142879e+00,
         1.05419204e-03,  9.63874620e-04,  8.58514510e-03,  6.33252673e-05,
        -7.81262796e-04, -8.12261183e+00,  3.16960847e+01,  6.37327618e-03]),
 array([-1.67350987e-02, -1.55424902e-02,  6.50831815e-01, -8.74523699e-01,
        -4.73145280e-04,  1.30202952e-03,  2.30493804e-03,  6.64544714e-04,
        -5.73789783e-04, -2.79433980e-01,  1.66139160e+00,  2.31964103e-02]),
 array([ 1.60357183e+00, -2.24853650e-01,  1.02344082e+00, -2.18200985e-01,
         2.30965525e-03, -9.89548994e-04,  4.97474273e-03,  9.92341341e-05,
         2.74411225e-05,  1.23905730e+00,  1.29979896e+00,  3.99083654e-03]),
 array([ 3.20980814e-02,  9.34909667e-03,  1.03167863e+00,  2.69066745e+01,
        -1.37183454e-02,  9.50585068e-05, -3.86982712e-05,  8.06153782e-04,
        -3.91874054e-04,  1.22605212e+00,  2.24215106e-02,  1.38401767e-02]),
 array([ 3.77777392e-02,  5.58596995e-02,  8.34097627e-01,  8.96660555e-01,
        -1.63190840e-02,  4.98348549e-04, -8.66410685e-03,  4.69749813e-05,
         2.30228846e-04, -1.95694114e+00,  1.20352432e+01, -1.97416902e-02]),
 array([ 4.40655435e-02, -3.83514468e-03,  7.72192129e-01,  1.04643168e+00,
         7.64824898e-03,  1.92257450e-03,  9.46400771e-03,  1.24417789e-05,
        -2.78007067e-04, -2.10483714e-01,  1.00651851e-01,  1.70956218e-02]),
 array([-1.17693892e-01,  4.96238954e-03,  7.04083484e-01,  7.45918418e-01,
         1.14014786e-03, -1.11565849e-03, -8.02925912e-04, -6.87812431e-04,
        -5.24722794e-04, -3.45369877e-01, -1.23113003e+00,  2.12775170e-02]),
 array([ 1.52113832e+00, -2.22015884e-01,  1.02919706e+00, -2.19857001e-01,
         2.94584928e-03, -9.44817072e-04,  4.80741359e-03,  4.40338270e-05,
        -1.26799133e-07,  1.25135516e+00,  1.28883775e+00,  4.15268702e-03]),
 array([ 1.56360543e+00, -2.92707486e-01,  9.60341736e-01, -3.02774394e-01,
         1.56382165e-03, -1.32906260e-03,  6.74739988e-03,  1.91703717e-04,
         4.48802378e-05,  1.27002841e+00,  1.28893394e+00,  3.71765166e-03]),
 array([ 1.58621662e+00,  1.11956601e-01,  1.50261785e+00,  1.18713302e+00,
        -1.60726765e-03,  1.10581740e-03,  9.24250640e-04,  1.30296603e-03,
        -1.24034364e-04,  1.40645090e+00,  1.51987923e+00,  8.44207284e-03]),
 array([-1.28268461e-01,  8.30626529e-03,  6.43694266e-01,  4.73242603e+00,
        -8.50970719e-03,  1.30832952e-03,  8.10690428e-03, -5.96779427e-04,
        -3.50431005e-04, -1.66088479e-01, -2.24826690e-01,  2.02265272e-02]),
 array([ 6.29662908e-03,  1.33117117e-02,  9.42853757e-01,  2.56244936e+01,
         5.66947047e-03, -7.25947203e-04, -2.79739921e-03,  5.36671635e-04,
         7.58494754e-04,  9.71836350e-02, -5.93165287e+00, -9.22567645e-03]),
 array([ 5.86194083e-02,  1.51015826e-01,  8.29013958e-01,  9.04401820e-01,
         4.59509807e-03, -9.78384092e-04,  3.10438916e-03, -7.40335157e-05,
         2.73694214e-04,  2.35824350e-01,  4.90554100e+00, -2.01775361e-02]),
 array([ 2.87090827e-03,  5.40517813e-03,  9.47517958e-01, -1.13509772e+01,
         3.37339063e-03, -1.03721401e-03, -4.36014769e-04,  4.20919645e-04,
        -6.55301409e-04,  2.65133850e+00,  6.41974787e+01,  4.84599611e-03]),
 array([ 2.16568519e-02, -3.35343028e-01,  1.31853801e+00, -6.30282604e-01,
        -1.78293421e-03,  5.47192309e-04,  3.08875960e-03,  1.41958178e-04,
         4.78881580e-04,  1.24515822e+00, -2.97364603e-03, -8.61053609e-03]),
array([ 2.99418714e-02, -2.42694286e-01,  9.54681621e-01,  7.59389096e-01,
         2.54230624e-02,  1.60061675e-04,  4.12617279e-03, -4.94518144e-04,
         6.27794942e-04, -1.37706773e-01,  1.04415617e+00, -5.61567919e-03]),
 array([ 1.41931227e+00, -3.37650391e-01,  1.00634428e+00,  1.22539186e+00,
         3.31660868e-03, -4.17575502e-04,  1.98406443e-03,  7.52605396e-04,
         5.13853056e-04, -2.35461327e-01,  1.53307904e+00, -3.23855617e-03]),
 array([ 1.29325531e-01,  9.20523795e-01,  1.36482731e+00,  1.21397529e+00,
        -1.19169169e-03,  5.65313630e-04,  4.45550360e-04,  4.79249354e-05,
         4.02867223e-04, -2.86937282e-01, -2.80078183e-01, -7.37426003e-03]),
 array([ 7.49585557e-02, -2.30949744e-01,  9.54346629e-01,  1.12261398e+00,
        -3.57344887e-03,  8.36039594e-04, -2.66365278e-03, -2.13230350e-04,
         7.49027138e-04, -1.03601374e-01,  3.42068055e-01, -8.99327439e-03]),
 array([ 8.65073345e-02, -3.77330086e-02,  9.31312385e-01,  1.62941252e+00,
        -3.64523460e-03,  1.16246808e-03, -2.43933279e-03,  5.02670432e-04,
         6.67010011e-04,  8.46344279e-02,  1.95662914e+00, -6.22700773e-03]),
 array([ 1.08482018e-01, -3.50077405e-01,  8.16216640e-01,  1.14229483e+00,
        -2.45782800e-03,  1.46142343e-03, -2.55916341e-03,  1.48295258e-04,
         6.35333595e-04, -1.15480973e-01,  4.42635208e-02, -9.26491082e-03]),
 array([ 8.50488039e-02, -2.43572188e-02,  9.26213468e-01,  1.11690115e+00,
         4.37707107e-03,  1.43794774e-03,  3.88924110e-04,  4.37016707e-04,
        -6.69906785e-04,  1.46678982e-01, -5.66893000e+00,  6.09111884e-03]),
 array([ 7.97987330e-02,  7.26217393e-02,  1.00197866e+00,  8.73855413e-01,
        -2.56606475e-03,  9.45623776e-04,  9.90339124e-04,  4.32226202e-04,
         6.27672379e-04,  4.50149678e-01, -6.36069164e+00, -4.22238656e-03]),
 array([-1.13504759e-01, -1.47932103e-02,  6.16278644e-01, -1.57285394e+00,
        -6.15756047e-04,  1.25946957e-03, -1.91842438e-03,  8.23530318e-04,
        -6.01625870e-04, -3.38938768e-01,  2.45355932e+00,  2.45006631e-02]),
 array([-5.50808672e-02, -2.95579808e-01,  9.54026757e-01,  9.76254639e-01,
        -1.40789027e-02,  5.19325333e-04, -3.96214616e-03,  4.00615342e-04,
         4.14033920e-04, -9.25193944e-02,  6.09079360e-02, -9.53353153e-03]),
 array([ 6.15816906e-02, -2.16636984e-01,  9.27001839e-01,  1.05235349e+00,
         1.73335972e-03, -9.39383469e-04,  3.61026480e-03, -2.18912830e-04,
         7.77316072e-04, -8.62327335e-02,  4.39512635e-01, -9.14394320e-03]),
 array([ 8.27511246e-02, -1.46205035e-02,  9.49603776e-01,  1.25059328e+00,
         6.36985013e-05,  1.09957945e-03, -8.54780624e-04,  6.03902725e-04,
         5.90483104e-04, -2.46820551e-01,  1.31816984e+00, -1.22710711e-02]),
 array([ 6.86309352e-02, -2.62711008e-01,  1.00492797e+00,  1.02286242e+00,
        -1.15247082e-02,  6.04839578e-04, -6.76251519e-03,  4.81049516e-04,
         6.22923940e-04,  6.08430981e-01,  1.38892800e+00, -3.19240237e-03]),
 array([-3.09295625e-01,  4.31841266e-02,  1.29584579e+00, -1.21226134e-01,
        -6.13158132e-03,  5.38894478e-04, -7.57582755e-03, -2.08352703e-04,
         5.36571274e-04,  3.27655906e-02,  1.20288093e+00, -4.18336578e-03]),
 array([ 5.58993986e-02, -2.61711977e-01,  9.48789197e-01,  1.79513650e+00,
        -1.79065163e-03,  1.14203848e-03,  3.52450496e-03,  8.34265590e-05,
         6.97212090e-04,  6.53276193e-01,  9.93123269e-01, -4.74156680e-03]),
 array([ 1.33519943e+00,  8.33985226e-02,  9.52640281e-01,  1.26482824e+00,
        -4.46006473e-03, -2.17508880e-03,  5.84035189e-03,  4.78807462e-04,
        -6.68750980e-05,  1.24338349e+00, -2.80674295e-01,  2.42626497e-03]),
 array([-2.98584967e-01, -5.51744896e-02,  1.01497164e+00,  9.34635181e-01,
        -1.16465621e-03,  9.83227316e-04, -1.68903077e-05,  3.20668337e-04,
         6.06632921e-04,  6.74371723e-02,  1.91251132e+00, -5.60291198e-03]),
 array([ 6.92086992e-02,  4.68268278e-03,  5.40563902e-01,  1.50515069e+00,
        -1.10014846e-02,  1.16196580e-03,  2.96186823e-03,  1.31071003e-03,
        -8.00541391e-04, -2.06639536e-02,  1.02497830e+00,  2.60356286e-02]),
 array([ 1.13475262e-01, -9.74434844e-03,  6.63392126e-01,  2.40085698e+00,
        -5.65340083e-03,  1.36957074e-03, -1.01927869e-03, -3.97757055e-04,
        -3.11078564e-04, -4.40030500e-01,  1.02590645e+00,  2.07094376e-02]),
 array([ 6.44166211e-02, -8.34609646e-03,  1.25013331e+00,  1.42254236e+00,
        -1.26055539e-03,  9.20469628e-04, -8.98468699e-04,  3.49810611e-04,
         4.96523295e-04,  1.14776613e-01,  6.89294946e-01, -5.04022251e-03]),
 array([ 7.84894523e-02, -2.59634524e-01,  9.28923309e-01,  1.06699195e+00,
        -1.54415241e-02,  4.38774350e-04,  6.38453059e-03,  1.62767852e-04,
         5.56511223e-04,  3.86227902e-02,  1.19488309e+00, -7.19856495e-03]),
 array([ 5.94576440e-02,  8.58244108e-02,  9.57310593e-01, -6.27731616e-01,
         2.60807012e-03,  1.44341361e-03,  2.95378465e-03, -4.13275801e-04,
        -6.60301457e-04, -6.70309875e-01,  9.04573392e-01,  6.29226004e-03]),
 array([-2.89428876e-01,  5.46945578e-02,  8.36452109e-01, -3.84884032e+00,
        -3.10830721e-03, -1.20370976e-03,  2.62987721e-03,  4.40966247e-04,
        -6.00862262e-04,  1.06738576e+00, -5.49934935e-01,  1.72660369e-02]),
 array([ 4.41753603e-02, -2.73643019e-01,  1.25491196e+00,  1.36656336e+00,
        -5.18083276e-03,  6.96636853e-04, -5.51528686e-03,  3.08834978e-04,
         5.02302183e-04,  1.86453447e-01,  6.61899646e-01, -3.57229279e-03]),
 array([ 2.89359847e-03, -2.43238962e-01,  1.27495876e+00,  1.03401580e+00,
        -5.21417411e-04, -9.78444513e-04, -1.05457275e-03,  1.44363061e-07,
         5.12411590e-04, -1.16223874e-01,  7.21330262e-01, -3.85628160e-03]),
 array([-9.39987200e-03, -4.33579697e-02,  1.32175524e+00,  5.96534646e-01,
        -2.39805217e-03,  6.05469722e-04,  8.72485025e-04,  4.07271718e-04,
         5.34847812e-04, -1.05074382e-01,  2.69543516e+00, -6.70893007e-03]),
 array([-2.42240120e-01, -4.56745406e-02,  1.26037417e+00,  1.02678246e+00,
         8.53924854e-04,  9.23185043e-04, -1.75429915e-04,  2.87168630e-04,
         5.05076607e-04, -2.70900209e-01,  1.97853681e+00, -4.65838482e-03]),
 array([ 7.80096078e-02,  7.87746136e-02,  9.45474189e-01, -4.17569899e-01,
         6.29337890e-03,  1.44318083e-03,  3.36921554e-03, -4.51541337e-04,
        -7.56665947e-04, -1.94534906e-02,  7.81008395e-01,  9.21628979e-03]),
 array([-2.48555130e-01, -2.78023027e-01,  1.25654503e+00,  2.68784000e+00,
        -7.65620632e-04,  8.03905128e-04, -9.53788310e-04,  2.38649623e-04,
         4.65648004e-04,  4.47168718e-01,  2.00611131e+00, -2.64461509e-03]),
 array([ 9.36121780e-02, -3.46622738e-01,  9.74805525e-01,  9.05066242e-01,
        -2.18157324e-03,  1.16068521e-03,  3.34883358e-04,  1.02688204e-04,
         6.59740665e-04, -9.39775018e-02,  8.47367120e-01, -4.37680793e-03]),
 array([ 8.55706083e-02, -2.19724987e-01,  9.45326979e-01,  1.14217842e+00,
        -6.33423578e-03,  1.03278003e-03, -8.58358510e-03,  4.79986773e-04,
         6.56467688e-04,  2.21329150e-01,  1.43775372e+00, -3.67788262e-03]),
 array([ 5.11164074e-02, -2.03125622e-02,  5.85957115e-01, -1.99562240e+00,
        -2.47456340e-04,  1.59905487e-03,  4.36144364e-04, -1.13558908e-03,
        -6.84163672e-04, -1.27802693e-01,  1.68601131e+00,  2.55012181e-02]),
 array([ 1.39483797e+00,  5.13803735e-02,  1.05001322e+00,  1.25571317e+00,
        -1.91384470e-03,  1.79602194e-03,  8.35455195e-03,  1.09107723e-03,
        -1.79457430e-05,  1.24316743e+00, -2.83376742e-01,  4.71057655e-04]),
 array([ 3.44217084e-02, -1.83902973e-01,  1.25435639e+00,  2.34111809e+00,
        -2.63953590e-03,  8.04685667e-04, -2.01589035e-03, -3.08748996e-04,
        -3.42588876e-04,  1.03866408e+00, -2.72952799e-01,  7.01719950e-03]),
 array([-3.44115097e-01, -7.11797673e-02,  1.24216329e+00,  1.26781235e+00,
        -1.36488646e-05,  8.78432657e-04, -8.36256939e-06,  2.45382787e-04,
         5.24347033e-04, -3.13532609e-01,  1.48859148e+00, -4.60627207e-03]),
 array([-4.16430566e-01,  7.46390377e-02,  1.00127317e+00,  1.04966194e+00,
        -1.44846521e-03,  1.18036877e-03,  2.09612080e-03,  1.71308958e-04,
         6.22337158e-04, -3.12698693e-02, -2.33772593e-01, -5.98040864e-03]),
 array([ 8.13722433e-02, -3.26238111e-01,  9.23701499e-01, -2.31347133e-01,
        -2.72422921e-03,  8.67139888e-04,  4.93677806e-03,  3.59302227e-04,
         8.20527217e-04,  3.83028280e-02,  7.42627688e-03, -1.05552345e-02]),
 array([ 6.70045155e-02, -3.44715336e-01,  1.13144259e+00,  2.36496705e-01,
         1.67553697e-03,  1.17917251e-03, -3.93745903e-04,  4.43452844e-05,
         5.76432402e-04,  1.50144467e-01,  8.28129644e-01, -3.85774029e-03]),
 array([-3.85470129e-01, -7.85005560e-02,  1.25484055e+00,  1.25495248e+00,
        -6.59542185e-05,  8.51455319e-04,  4.45013780e-05,  2.32754996e-04,
         5.21912510e-04, -3.21718393e-01,  1.51580293e+00, -4.51301399e-03]),
 array([ 5.78776753e-02,  1.62646998e-02,  9.44279350e-01,  1.01859077e+00,
        -9.92305493e-04,  1.11891985e-03,  5.95620225e-04, -4.16820248e-04,
         6.65031595e-04,  2.97694939e-01, -7.19773661e+00, -6.02568279e-03]),
 array([ 5.61843408e-02,  1.98124879e-02,  9.54746143e-01,  2.12793227e+00,
         7.76253808e-05,  1.14863396e-03, -5.88039662e-04,  4.55079289e-04,
         6.58731914e-04,  5.89919448e-01, -8.86826893e+00, -5.77689834e-03]),
 array([ 4.01479831e-02,  8.60813872e-03,  1.32109652e+00,  1.16368914e+00,
        -3.95373002e-03,  6.81918497e-04, -5.29586781e-04,  3.23256742e-04,
         4.69714708e-04, -2.29826231e-02, -1.65849063e+00, -4.72623562e-03]),
 array([ 1.24933142e-01, -2.65482750e-01,  1.27460935e+00,  1.45493343e+00,
        -6.96472155e-03,  6.20068257e-04, -5.06989268e-03,  3.74913548e-04,
         4.94856127e-04,  3.44512906e-01,  1.26942270e+00, -2.71379165e-03]),
 array([ 8.38354168e-02, -2.78104684e-01,  1.00466112e+00,  3.80955756e-01,
        -1.77686201e-03,  8.46852516e-04,  4.48656005e-03,  2.00280220e-04,
         7.55447816e-04,  9.59650113e-02, -2.82533255e-03, -8.81720421e-03]),
 array([-3.78239151e-01, -2.53329020e-02,  6.19654327e-01, -7.06472077e-01,
         3.34137782e-04, -1.47789181e-03, -4.49068203e-04,  2.94139214e-04,
        -6.38697299e-04, -2.44109569e-01,  9.78527462e-02,  2.30371178e-02]),
 array([ 5.55143452e-02, -2.26948382e-01,  8.71198058e-01,  5.16775427e-01,
         1.05787993e-04, -1.23849627e-03,  9.96464400e-03,  9.13734129e-04,
        -1.43291570e-04, -2.41614001e-01,  4.83432459e+00,  2.30945571e-02]),
 array([-2.29956330e-02, -1.94970260e-01,  1.27448154e+00,  5.21535797e-01,
         1.91752919e-02,  1.67213658e-04,  1.62569947e-03,  3.79141055e-04,
         4.86005825e-04, -4.85354254e-01,  1.95981191e+00, -3.10519331e-03]),
 array([ 7.65735418e-02, -3.27377500e-02,  9.30845909e-01,  2.65047813e+00,
        -1.40523340e-03,  8.59618021e-04,  3.53218550e-03,  5.52367589e-04,
        -4.06901271e-04, -7.79134923e-02,  1.97918929e-01,  1.61368706e-02]),
 array([ 1.09972136e+00,  1.16757486e-02,  1.08826528e+00, -3.80804515e-03,
        -1.70658723e-03,  1.47925371e-03, -7.29630614e-03,  4.44379263e-04,
         4.82830924e-04, -6.36653042e-02,  7.45492969e-02, -2.24693315e-03]),
 array([-3.73059289e-01, -1.95667450e-02,  9.52370072e-01, -1.67382137e-01,
        -2.45711932e-03,  1.11244867e-03,  8.50864951e-04,  3.81346064e-04,
         6.55036440e-04, -1.73976521e-02,  3.37294803e-01, -6.40675226e-03]),
 array([-3.30846028e-01, -3.31943813e-01,  1.00413228e+00, -3.67519721e-01,
        -2.86819543e-04,  1.01038823e-03,  4.71226974e-04,  7.76969341e-05,
         6.48300360e-04, -5.49324874e-02,  2.11119395e+00, -2.27983082e-03]),
 array([ 4.85886590e-02, -2.77567311e-01,  9.42308188e-01,  1.00446844e+00,
        -1.03682264e-03, -1.38997838e-03,  1.45568708e-03,  6.88202471e-05,
         6.04238067e-04, -1.21305498e-01, -4.49333366e-03, -7.46813705e-03]),
 array([-9.00590752e-02, -1.93693225e-01,  9.92211642e-01,  2.86609299e-01,
        -7.25256647e-03,  4.68388090e-04,  4.28563059e-03,  9.44613630e-04,
         6.98452016e-04,  2.51123775e-03,  1.33746941e+00, -1.20705486e-02]),
 array([ 6.72884928e-02, -2.69714131e-01,  1.24057448e+00,  1.30714260e+00,
        -2.36095453e-03,  8.72721040e-04, -6.27111347e-03,  3.22149467e-04,
         5.10837398e-04,  4.77582740e-01,  8.20384478e-01, -3.38831540e-03]),
 array([-2.30224321e-01, -4.11711670e-02,  1.00297752e+00,  9.98676304e-01,
        -1.67888813e-03,  1.10943257e-03,  1.39493979e-03, -4.73051441e-04,
         5.57461287e-04,  9.62284321e-01,  8.40207926e-02, -6.26232487e-03]),
 array([ 9.42228889e-02, -2.41796228e-01,  9.38801595e-01,  1.08559633e-01,
         1.27897645e-03,  1.09735606e-03,  4.02754822e-03,  1.83184989e-04,
         8.30207329e-04,  1.43819748e-01,  1.30582017e-01, -8.69977021e-03]),
 array([-3.24635605e-01,  1.03152218e-01,  9.30077862e-01, -3.90400972e-01,
        -6.27443983e-04,  1.05698679e-03, -6.36458750e-04, -5.75505614e-05,
         3.97091674e-04,  1.24504676e+00, -2.93271740e-01, -1.40627443e-02]),
 array([ 3.85521456e-02, -2.33822312e-01,  1.00057307e+00,  2.18232110e+00,
         2.46607522e-03, -1.10746445e-03,  2.84917514e-04,  3.73462650e-05,
         6.64351702e-04,  9.12117116e-01,  2.01148973e+00, -3.43551866e-03]),
 array([ 2.85139095e-02,  1.11165937e-02,  9.36066962e-01,  1.09058433e+00,
        -1.78957781e-03, -1.44906446e-03, -1.55734736e-03, -4.25608160e-04,
         5.64189545e-04,  5.58858593e-02, -1.07119289e+00, -8.50131715e-03]),
 array([ 3.90980440e-02, -2.36616454e-01,  1.03591435e+00,  1.04603363e+00,
         4.07106787e-03,  1.15387334e-03,  7.98953537e-03, -2.36165337e-04,
        -7.83723965e-04,  3.94618101e-02, -3.04573826e-01,  7.88417882e-03]),
 array([-3.19829305e-01, -1.32746771e-03,  1.00056024e+00, -2.01044748e-03,
        -6.60635687e-04,  1.20664170e-03,  9.23524673e-04,  3.80454187e-04,
         5.38492804e-04,  8.89699996e-01, -1.40858258e-01, -6.21161360e-03]),
 array([-3.50684630e-01, -3.56776194e-02,  1.00944514e+00,  1.26477719e+00,
        -1.27650148e-03,  1.02120386e-03,  5.78033089e-04,  2.56740214e-04,
         6.47877832e-04, -3.46609670e-01,  1.29961451e+00, -5.93994083e-03]),
 array([-6.27464506e-02, -2.34540650e-01,  1.00975335e+00,  3.22790251e-01,
         1.95612259e-03,  1.30074467e-03,  1.32414927e-03, -2.37458513e-05,
        -6.48084524e-04, -7.84118104e-05,  1.12948189e+00,  6.95109447e-03]),
 array([ 6.06811883e-02, -3.30421977e-02,  1.02208914e+00,  1.92273254e+00,
        -3.09622758e-03,  1.05333334e-03, -1.63748095e-03,  4.46122297e-04,
         6.15568412e-04,  4.88403149e-01,  2.08239725e+00, -5.75028157e-03]),
 array([ 2.87206339e-02, -2.50464975e-01,  9.63663731e-01,  1.12719679e+00,
         2.74913505e-02,  3.65754318e-04,  5.40793790e-03,  3.42613734e-04,
         6.56246884e-04, -2.25794879e-01,  9.33162017e-01, -4.52861431e-03]),
 array([ 9.62693084e-02, -2.59570268e-01,  1.01437091e+00,  1.02613901e+00,
        -4.95217383e-03,  9.36156978e-04, -3.79047768e-03, -2.28020283e-04,
         6.11233925e-04,  3.47966936e-02,  4.95196603e-01, -5.73979643e-03]),
 array([ 1.70162693e+00,  2.48912511e-02,  9.74270444e-01,  1.27928691e+00,
        -8.32560669e-04, -1.45904737e-03,  7.00876778e-03,  2.44884104e-04,
         8.64735982e-05,  1.23437774e+00,  1.36440274e+00,  5.01027541e-04]),
 array([-6.38214241e-01, -5.70475541e-03,  1.17728407e+00,  4.85079823e-02,
         1.55498461e-03, -9.69325330e-04,  1.38919136e-03, -2.72612307e-04,
         5.29556863e-04, -2.32518257e-02,  2.47809934e-02, -5.07639129e-03]),
 array([-1.72151747e-01,  9.88442959e-01,  1.04467751e+00,  1.04350956e+00,
         1.73825647e-02,  3.51754918e-04,  2.40809193e-03,  1.40678710e-05,
         5.12849397e-04,  1.77690264e+00, -3.41174640e-01, -4.44031947e-03]),
 array([ 1.06936426e+00, -2.49133617e-01,  9.25946203e-01,  1.09773439e+00,
        -3.82545650e-03,  7.23214185e-04,  1.71834158e-03,  1.06815600e-03,
         9.37134616e-04,  1.88366952e-02, -1.35084830e-01, -1.03719220e-02]),
 array([ 8.76189386e-02, -2.39920981e-01,  9.43370223e-01,  9.22361959e-01,
        -4.29757237e-03,  1.07977295e-03, -4.58766225e-03, -2.59733896e-04,
         6.54133602e-04, -7.42190734e-02,  6.71932555e-01, -6.00146341e-03]),
 array([ 7.99546861e-02, -2.32533822e-01,  9.38135631e-01,  1.17173612e+00,
        -1.89796989e-03,  9.47422238e-04, -3.26966378e-03, -2.19056004e-04,
         7.65853866e-04, -6.56501394e-02,  1.92449201e-01, -9.27227852e-03]),
 array([-3.20269753e-01,  3.60010771e-02,  9.68716183e-01, -2.79016479e-01,
        -1.08256563e-03,  1.51348212e-03, -1.52693256e-02, -4.66225249e-04,
         6.34089702e-04,  1.32584388e+00, -3.36474638e-01, -4.23902628e-03]),
 array([ 1.13821434e-01, -4.18734472e-01,  9.57202297e-01,  9.74498485e-01,
        -4.23204146e-03,  1.10739221e-03, -9.98592690e-04,  1.31772771e-04,
         4.87841698e-04, -9.36774479e-02,  8.90157922e-03, -8.88872782e-03]),
 array([ 5.96002961e-02, -2.62019794e-01,  1.00552870e+00,  8.82560670e-01,
        -8.88432061e-03,  7.13830763e-04, -3.48201851e-03, -2.61756196e-04,
         6.15601437e-04,  7.90017245e-02,  5.66132695e-01, -5.71691422e-03]),
 array([-2.69709763e-01, -1.83934710e-02,  7.62259338e-01,  5.36960656e-02,
        -1.78713453e-02,  5.91944833e-04, -8.61125821e-03, -1.01481310e-03,
         3.06289224e-04,  1.78165539e-03,  8.24375309e-02, -1.72547277e-02]),
 array([ 1.44661371e-01, -2.92869286e-01,  9.69516597e-01, -1.11933832e+00,
         1.02615889e-03,  1.09146300e-03,  2.88884381e-03,  4.93449725e-04,
         5.21475448e-04, -2.98287140e-01,  1.03024972e+00, -1.34839260e-02]),
 array([ 6.95503262e-02,  2.91203089e-02,  9.17320469e-01,  7.49777496e-01,
        -2.67510124e-04,  1.32302814e-03,  2.82951490e-05,  4.62734670e-04,
         6.61187191e-04, -2.22351307e-01, -1.12986689e-01, -7.22023666e-03]),
 array([-3.17956040e-01,  9.57444298e-01,  1.19949026e+00,  3.21945507e-02,
        -1.47759503e-03,  8.86806125e-04,  1.44566543e-02,  3.95184643e-04,
         1.50176984e-04, -4.76031512e-02, -6.60118093e-01, -9.16681794e-03]),
 array([-2.13536047e-02, -3.30264438e-01,  1.32929529e+00,  1.04123635e+00,
        -1.19857585e-02,  2.26798361e-04, -1.62248880e-03,  3.67084463e-04,
         4.56258226e-04,  2.78053249e-01,  2.13398852e+00, -1.55928441e-03]),
 array([ 7.67889922e-02, -1.05586200e-02,  9.99619802e-01,  7.62115859e-01,
        -2.72460792e-03,  8.30728535e-04,  2.11381738e-04,  5.26557384e-04,
         7.13041286e-04, -5.91355308e-02,  9.64310472e-03, -9.18502462e-03]),
 array([-3.18041046e-01, -5.96479660e-02,  1.24575867e+00,  1.01871534e+00,
        -2.25621568e-03,  7.17306033e-04,  4.72860463e-05,  2.31570106e-04,
         4.96136109e-04,  2.42020704e-03,  1.89241998e+00, -4.59545039e-03]),
 array([ 1.58535174e+00, -3.09013805e-02,  1.02875648e+00,  1.23866508e+00,
        -1.80187434e-03,  1.39893443e-03, -5.73233181e-04,  8.76361266e-04,
         1.35219246e-03,  1.24357993e+00,  1.31084853e+00, -8.10434152e-03]),
 array([ 1.06304908e-01, -2.64561307e-01,  1.02841798e+00,  1.06477452e+00,
        -1.39494840e-03,  1.12867509e-03,  2.23565115e-03,  7.39710014e-05,
         6.32886036e-04, -1.05122118e-01,  7.31964671e-01, -4.66214351e-03]),
 array([-3.64596296e-01,  6.58552306e-03,  9.45643270e-01, -2.56539244e-01,
        -5.52440247e-04,  1.31412305e-03,  1.36786649e-03,  4.20814892e-04,
         5.23992360e-04,  1.18316726e+00, -3.33213279e-01, -6.51339703e-03]),
 array([ 5.74847168e-02,  1.66547936e-02,  6.13712558e-01,  1.02385128e+01,
        -2.99801352e-04, -1.47511111e-03, -2.81728380e-03,  1.09130487e-03,
        -6.20819717e-04, -2.05948686e-01, -1.35255555e+00,  2.47132598e-02]),
 array([-4.36553071e-01,  7.29046005e-03,  1.37035521e+00,  7.09132371e-02,
        -2.22668929e-03,  6.77939115e-04,  7.64036326e-04,  2.35182317e-04,
         4.48483757e-04,  5.39953133e-02,  9.76431727e-01, -4.55226577e-03]),
 array([-3.84327496e-01, -7.59795612e-02,  1.25430319e+00,  1.25559879e+00,
        -9.47243591e-04,  7.93614080e-04,  9.30355841e-05,  2.16191703e-04,
         5.21064140e-04, -3.18243740e-01,  1.59055346e+00, -4.51239614e-03]),
 array([-4.38946580e-01,  2.40700277e-02,  1.25832164e+00,  1.26816151e+00,
         1.82694487e-04,  8.64265532e-04,  1.02245412e-03,  1.75910524e-04,
         5.27012824e-04, -3.51699734e-01,  1.26286202e+00, -5.05740653e-03]),
 array([ 5.78698031e-02, -2.30941256e-01,  1.00459116e+00,  1.31018669e+00,
        -8.52100007e-03,  7.75176326e-04, -4.51345628e-03,  5.47297712e-04,
         6.12823905e-04,  7.85814693e-01,  1.85005596e+00, -3.22171766e-03]),
 array([ 2.23988402e-02, -2.26842682e-01,  9.01282358e-01, -1.35197175e+00,
         1.12110803e-02, -6.86439738e-04,  8.57280687e-03,  1.32323328e-03,
        -6.08128352e-05, -1.51115932e+00,  7.70372014e-01,  1.91086127e-02]),
 array([-1.66499338e-02, -1.81142755e-01,  9.83695658e-01, -8.67931285e-01,
        -1.06773486e-02,  3.19340548e-04,  4.19560991e-03,  9.80417372e-04,
         7.51127402e-04,  3.04655386e-01, -1.39882292e-01, -1.23107278e-02]),
 array([ 7.98431270e-02, -5.40494862e-03,  9.30946167e-01,  1.37192827e+00,
         5.11705528e-03, -7.67707553e-04,  2.33744499e-03,  5.43797255e-04,
        -7.68577435e-04, -8.01042214e-02, -1.46754831e-01,  9.88045010e-03]),
 array([ 6.36167814e-02,  2.12862796e-03,  9.24962861e-01,  1.21357300e+00,
         2.76967990e-03,  1.50003863e-03,  1.28878331e-03,  4.49110768e-04,
        -6.76010058e-04, -1.77986797e-01,  1.97930916e-01,  6.76961632e-03]),
 array([ 1.16109791e-01, -1.90810331e-01,  1.01055202e+00, -1.07800019e+00,
        -4.81636577e-03,  7.28707804e-04,  2.61260945e-03,  1.01101173e-03,
         7.56779469e-04, -6.31957481e-02,  1.36855890e+00, -1.02388301e-02]),
 array([ 9.26797462e-02, -2.49698240e-01,  1.01237453e+00,  1.66640532e+00,
         1.00293704e-02,  1.92085418e-03, -1.45107736e-02,  4.10649336e-04,
        -1.53024262e-04,  2.35371623e+00,  7.98232054e+00,  2.23021531e-02]),
 array([ 6.70182552e-02, -8.46801256e-02,  9.75857054e-01,  1.93244054e+00,
         2.94204143e-04,  1.32270359e-03, -3.20897289e-03,  4.74724014e-04,
         6.45057347e-04,  6.81779787e-01,  2.26518104e+00, -5.22604274e-03]),
 array([ 7.97321065e-02, -3.00895137e-01,  1.25501676e+00,  5.67172963e-01,
        -2.99093702e-03,  6.17658840e-04,  4.97192629e-03,  1.49791685e-04,
         6.19753355e-04,  9.71318867e-02,  1.86529599e+00, -4.47271124e-03]),
 array([ 7.47869950e-02, -2.55833535e-01,  9.48164508e-01,  1.69785791e+00,
         1.02539099e-03,  1.32243135e-03,  2.55468747e-03,  7.87031786e-05,
         6.96519268e-04,  5.59304697e-01,  8.17613311e-01, -5.05687981e-03]),
 array([ 7.83239293e-02, -3.11613190e-01,  9.22489155e-01,  1.01984070e+00,
        -1.48902874e-02,  2.35379798e-04,  7.58974472e-05, -1.15715869e-04,
         7.04833825e-04, -2.03356624e-02,  1.16679301e+00, -9.05892497e-03]),
array([ 6.89558520e-02, -5.90423965e-03,  1.01173218e+00,  1.12958567e+00,
        -1.25387090e-02,  4.66121737e-04, -1.08159353e-03, -3.24166813e-04,
        -3.72780536e-04, -1.11037885e-01, -1.22461085e-01,  1.04325473e-02]),
 array([ 1.38417644e-04, -1.70663205e-04,  1.32906654e+00,  1.25056165e+00,
         1.73841541e-04,  7.54218287e-04,  4.81282726e-04, -3.65740790e-04,
         3.94083836e-04, -2.49886003e-01,  1.02343695e+00, -9.33883672e-03]),
 array([ 1.61878204e-01, -1.12410475e-03,  1.24191936e+00, -2.57128144e-01,
        -7.70519968e-03,  5.57526718e-04, -5.94284389e-03,  1.57474980e-04,
         4.00207890e-04,  1.24654987e+00, -2.26569460e-01, -7.27344838e-03]),
 array([ 9.15236627e-03, -5.67661040e-04,  1.33204041e+00, -2.45918999e-01,
         5.62696529e-03, -4.13120493e-04,  2.16386301e-04,  3.70830452e-04,
         4.02494810e-04,  1.25034119e+00, -2.88924720e-01, -9.17011708e-03]),
 array([-1.55447065e-01,  6.26994634e-02,  1.12733825e+00, -3.74933466e-01,
         5.41218113e-03, -5.22139407e-04, -4.83327977e-03,  2.62926363e-06,
         4.58528941e-04,  1.06437088e+00, -4.41855833e-01, -1.02146724e-02]),
 array([ 2.59400287e-06, -3.28146820e-01,  1.32021082e+00, -2.50634978e-01,
         1.89819159e-04, -8.28487659e-04,  1.86586237e-03, -1.81238875e-04,
         4.05746465e-04,  1.25111475e+00, -9.03798125e-03, -9.23774865e-03]),
 array([-2.93629618e-03,  1.71767240e-03,  1.32324361e+00, -2.45324763e-01,
         5.66974796e-03, -4.08967628e-04,  5.87787579e-04,  3.53728264e-04,
         4.17071420e-04,  1.25147211e+00, -2.89795746e-01, -9.03743863e-03]),
 array([-1.45175048e-02, -3.64746618e-02,  1.30691534e+00,  2.49744435e+00,
         4.70252645e-03, -6.86372325e-04,  2.41450692e-03,  2.94597448e-04,
         2.89855513e-04,  1.79356923e+00,  9.81470889e-01, -7.70239700e-03]),
 array([ 5.79241160e-02,  9.77272081e-01,  1.02205771e+00,  1.15738219e+00,
        -1.40192834e-02,  1.01136009e-04, -2.51887860e-03,  4.41425761e-05,
        -5.53151641e-04, -9.88820382e-02, -1.05826787e-01,  1.22137678e-02]),
 array([-1.34917841e-04,  7.97432316e-06,  1.32937435e+00,  1.25070619e+00,
         1.15287598e-04,  7.45386428e-04, -7.17654451e-04,  3.50049642e-04,
         4.01629606e-04,  1.25032869e+00, -2.89056467e-01, -9.25381124e-03]),
 array([ 1.24878480e-01, -1.89196266e-03,  1.32233034e+00, -2.58360124e-01,
        -9.89991676e-03,  1.97206063e-04, -1.01517024e-03,  4.22527896e-04,
         4.67910605e-04,  1.25095393e+00,  1.24927723e+00, -8.79643981e-03]),
 array([-1.16034171e-03, -1.06472158e-03,  1.32410913e+00,  1.25076971e+00,
         2.31621902e-05,  7.41231340e-04, -5.43307857e-04,  3.73346201e-04,
         3.75133438e-04,  1.25089296e+00, -2.88434082e-01, -9.71249940e-03]),
 array([ 6.34363789e-03,  6.28906228e-03,  1.31236934e+00, -2.48023016e-01,
         8.29355912e-03, -2.62128100e-04,  3.62255143e-04,  3.63692505e-04,
         4.09819472e-04,  1.04311860e+00, -3.03604095e-01, -9.27233270e-03]),
 array([-3.45395515e-03,  2.58615457e-04,  1.31395771e+00,  8.74383901e-01,
        -2.93068612e-03,  5.87535639e-04, -2.20112614e-04,  3.61304881e-04,
         4.46076136e-04,  1.06623353e+00, -4.40994597e-01, -8.63501450e-03]),
 array([-3.85041277e-03, -6.03433557e-06,  1.30820430e+00, -2.45872097e-01,
         7.17706409e-03, -3.23915941e-04,  6.70965224e-04,  3.62792691e-04,
         4.04626671e-04,  1.04317071e+00, -2.98963958e-01, -9.43226970e-03]),
 array([-8.09988106e-04, -1.48130438e-03,  9.21576297e-01,  1.24975395e+00,
         4.45204900e-03,  1.62007767e-03, -1.60282951e-03,  4.36989968e-04,
         4.77418475e-04, -2.52083714e-01,  1.29185186e+00, -1.02479548e-02]),
 array([ 4.51709601e-03, -1.27513893e-01,  1.30166987e+00,  8.47096032e-01,
        -4.44042072e-03,  6.72310538e-04,  4.55326533e-03,  9.13693319e-06,
        -3.27280377e-04,  7.91039114e-01, -5.71816943e-01,  7.12503888e-03])]