[array([ 0.16334839, -0.03174339,  0.11879118,  1.28701866, -0.25212931,
        -0.02295123,  0.03913151,  0.01584097,  0.00632416,  0.08513243,
         1.53773861, -0.0893643 ]),
 array([-0.13600467,  0.03561872,  0.09949104, -0.60272737,  0.07442725,
        -0.00495524,  0.07144765,  0.01193303,  0.00697354,  1.15054383,
        -0.48634429, -0.11366221]),
 array([-0.19871501,  0.05127303,  0.0314367 , -0.09471047,  0.10741389,
        -0.03820991,  0.14821579,  0.02938744,  0.01397   ,  1.25998954,
        -0.27492503, -0.16866382]),
 array([ 4.19124284e-02,  1.08311257e-02,  4.62560467e-02,  1.14222205e+01,
         8.11488386e-02, -2.82349900e-02,  1.62739253e-01, -1.40748244e-02,
         1.64373243e-02,  1.61107943e+00, -6.90572360e+00, -8.37745814e-02]),
 array([ 5.63289871e-02, -1.42863342e-02, -6.93248064e-03,  2.10432578e+01,
        -3.09581813e-01,  1.67663137e-01,  9.38093674e-01,  1.89294592e-01,
        -1.32982216e-01,  7.09703401e+00,  3.40277306e+01,  1.40478052e-01]),
 array([-0.22424054,  0.04568084,  0.06438544,  1.4693224 ,  0.062666  ,
        -0.01970653,  0.0586428 ,  0.01065845,  0.00809705,  0.90066613,
         0.74505784, -0.06213688]),
 array([ 0.05322934, -0.02793942,  0.08478864,  1.92146577, -0.11504332,
         0.0047201 ,  0.05761888,  0.0090267 ,  0.0095264 , -0.02486196,
         0.83962698, -0.09933063]),
 array([-0.23952656,  0.02346185,  0.03905458, -1.68929498,  0.09021714,
         0.07429549, -0.09508478, -0.02336982,  0.02891633,  0.42423429,
         0.03480915, -0.04626878]),
 array([-0.13638132,  0.0137259 , -0.04338771,  0.0662908 , -0.04617116,
         0.03673584,  0.10191968,  0.03145987,  0.01892031,  0.07854223,
        -0.12810487, -0.07773788]),
 array([ 9.93055880e-03,  8.56895523e-02,  5.68021027e-02,  1.62139179e+01,
        -2.90698274e-01,  1.95492212e-02,  9.96577929e-01, -1.34295590e-04,
         1.73688461e-02, -3.56287526e+00, -7.39899236e+00, -2.18311255e-03]),
 array([ 1.69566405e-03, -8.74137769e-03, -1.51089075e-02,  5.78299001e+01,
        -2.79293705e-02,  7.81399233e-02,  9.63018459e-01,  3.90705375e-02,
        -3.76694032e-02, -4.83356850e+01,  1.76115873e+02, -2.07823138e-01]),
 array([ 1.07312967e-02,  1.19079428e-02,  2.21324334e-02, -1.36856324e+02,
        -9.32610342e-02, -3.66845786e-02,  1.08988973e+00, -8.33368885e-02,
         6.75572363e-02,  1.14474699e+02, -2.31855202e+01, -4.37495412e-01]),
 array([-0.35996445,  0.03372844,  0.04900712, -2.17546246,  0.23326022,
         0.07542639,  0.03500616,  0.05051873,  0.0228541 ,  2.07123814,
         0.85597041, -0.03227586]),
 array([ 0.06753397, -0.0039572 ,  0.01640456, -3.25464249,  0.11018834,
         0.109871  ,  0.11936933,  0.02512613,  0.05225698,  1.76571378,
         0.18501276, -0.20789851]),
 array([-1.40410001e-01,  2.62347922e-02, -6.20102937e-02,  1.12055170e+00,
         2.30505658e-02,  3.91703416e-02,  1.25081309e-01,  5.64360684e-03,
        -7.70115300e-04,  6.90368173e-02, -6.48553390e-01,  1.08494073e-01]),
 array([ 1.73486750e-02,  8.30589361e-04,  3.58470242e-02,  2.66755643e+00,
         9.76208119e-01,  9.49838231e-02, -1.12341001e-01, -1.81804754e-02,
         1.71827608e-02,  1.78473317e+00,  2.76779025e+00, -1.49919801e-01]),
array([ 0.16334839, -0.03174339,  0.11879118,  1.28701866, -0.25212931,
        -0.02295123,  0.03913151,  0.01584097,  0.00632416,  0.08513243,
         1.53773861, -0.0893643 ]),
 array([-0.13600467,  0.03561872,  0.09949104, -0.60272737,  0.07442725,
        -0.00495524,  0.07144765,  0.01193303,  0.00697354,  1.15054383,
        -0.48634429, -0.11366221]),
array([ 3.37512848e-02,  1.85049948e-02,  7.90502832e-03,  1.06848059e+01,
         1.02124408e+00, -8.02955586e-03, -4.84415830e-02,  2.99317363e-02,
        -1.84292006e-01, -1.99451623e+01,  7.48445132e+01,  1.13802204e+00]),
 array([ 3.21545177e-02, -4.29346435e-03, -1.21713855e-02,  3.63375293e+01,
        -1.17603037e-01, -9.22322983e-02, -4.35373376e-02,  1.33163257e-01,
        -1.73999084e-01,  3.21462614e+01, -1.71424306e+01,  1.43478031e+00]),
 array([ 0.0031719 ,  0.00406408,  0.00710232,  1.51860381,  1.00452189,
        -0.07692455, -0.04622763, -0.01815775, -0.10308517,  1.03811839,
         2.3432678 ,  1.25608735]),
 array([-8.76069582e-03, -1.21098664e-03, -1.31925001e-02,  6.13931294e+00,
         9.22994989e-01, -1.24492916e-02,  9.74789344e-02, -4.12058243e-02,
        -3.15275547e-02, -1.09908304e-01,  7.70964570e+00,  1.07634238e+00]),
 array([ 1.28787468e-02,  7.88278706e-03,  3.67908354e-03, -4.91022121e+01,
         1.04821827e+00, -3.37078036e-02, -1.07367992e-02,  2.13869268e-02,
        -2.67397945e-01, -5.90173819e+01,  2.24253764e+02,  9.71974452e-01]),
 array([-1.16509263e-03, -9.17893847e-03,  1.09878345e-02,  1.23176340e+00,
         9.86178417e-01, -2.47635572e-02, -4.47674832e-03,  4.78114262e-03,
        -4.12122921e-02,  7.27959195e-05,  1.25944124e+00,  1.24615685e+00]),
 array([ 1.75114982e-02,  3.28473531e-02,  1.47616445e-02, -3.25843191e+00,
         9.52853770e-01,  3.29517029e-03,  7.30963081e-02,  6.44230554e-03,
        -4.91144985e-02,  9.31795851e+00,  7.48326254e+00,  8.76627768e-01]),
 array([ 9.57084368e-04,  1.93514020e-03,  1.10411683e-02, -1.07592988e+01,
         1.30571654e+00, -2.25856213e-02, -2.53857597e-02, -6.90396555e-02,
        -1.17569625e-02,  4.40831884e+01, -1.77339743e+00,  1.31611279e+00]),
 array([ 5.06888047e-03,  1.64505105e-02,  1.14586727e-02,  7.63384241e-01,
         1.32635097e+00, -6.30201292e-03,  8.22236050e-04,  5.22489790e-03,
        -1.00197675e-02,  3.38714923e+01, -3.93536659e+00,  1.19084429e+00]),
 array([ 4.31995615e-03,  4.84488254e-02,  1.24305885e-02, -6.69985568e+00,
         1.24543789e+00, -1.11560275e-02,  5.96917643e-02, -6.35876660e-04,
        -1.48531505e-02,  2.60993645e+00, -1.04687929e+01,  1.30149410e+00]),
 array([-1.76709998e-02, -5.83736473e-03,  6.93631212e-03,  9.76768983e+00,
         1.24784975e+00, -8.10077723e-02, -6.86326303e-02,  5.74080501e-03,
        -2.18934494e-01,  1.44451544e+02, -2.87784825e+01,  1.09572030e+00]),
 array([ 1.14905430e-02,  5.84069007e-02,  1.80964258e-02, -1.36085565e+00,
         1.01023546e+00, -2.22472111e-03,  4.85619548e-02, -2.48099676e-04,
        -1.17270174e-02,  8.18285044e-01, -5.80812406e+00,  8.14827009e-01]),
 array([ 7.60396352e-05, -3.18178701e-02,  1.66015751e-02, -4.29495930e+00,
         1.00036671e+00, -6.87329988e-03, -1.07144910e-02, -5.07846717e-04,
        -1.11560308e-02,  1.39719448e+00,  2.09010544e+01,  1.01324338e+00]),
 array([ 5.22272989e-03,  3.22228927e-02,  1.51140592e-02, -2.68145821e+00,
         1.01020173e+00,  1.31458592e-03,  8.00842913e-04,  8.95692458e-03,
        -4.73026418e-02,  1.58879301e+00, -2.56714407e-02,  1.00273344e+00]),
 array([ 2.99440763e-03, -9.76266366e-04,  1.14851189e-02, -4.02176539e+00,
         1.21141528e+00, -1.99788493e-02,  7.67578237e-02,  1.14698908e-02,
        -1.59722955e-02,  3.26758735e+00,  3.68293660e+01,  1.20463563e+00]),
 array([ 1.13188164e-02, -7.33027583e-04,  4.24815237e-04, -4.77269874e+01,
        -1.15757347e-01, -2.32881754e-01, -5.50391414e-01,  2.63935577e-01,
         8.25111327e-01, -5.63978528e+01,  5.27928428e+02,  2.83765205e-01]),
 array([-3.55633121e-03,  7.17131405e-03,  1.38745956e-02,  1.27901100e+00,
         1.00925202e+00, -2.31138915e-02,  7.43531043e-03,  1.48118806e-02,
        -1.24248856e-02,  6.64571932e-01, -7.14042285e+00,  9.56315167e-01]),
 array([ 9.94106830e-04, -9.65718842e-04,  3.83298101e-03,  9.30054760e+01,
         2.25631184e+00, -1.90579996e-01,  9.97868287e-01,  3.23557147e-02,
        -1.60962421e-01,  1.94642001e+01, -9.88684406e+00,  1.58400776e+00]),
 array([-1.01260744e-01,  7.51845072e-02,  9.26258867e-01, -7.91402551e+00,
         2.33854251e-02,  2.48655950e-03,  8.10162953e-03,  8.34132154e-04,
         7.44034236e-04,  8.44215546e-01, -2.20150477e-02, -9.77828733e-03]),
 array([ 1.68397153e-02,  8.05265216e-03, -8.19586856e-03, -7.06496294e+00,
         1.03292308e+00, -1.04973023e-01, -6.15928053e-02,  1.21467915e-03,
        -2.11436730e-01,  2.09756784e+02, -2.73222812e+01,  1.06516540e+00]),
 array([ 6.44591101e-03,  3.23053651e-03,  4.74232710e-03, -2.15065469e+01,
        -3.49129164e-01, -1.75768158e-01, -2.86372063e-01,  3.44491823e-02,
        -1.72644431e-01, -5.33148364e+01,  1.68229488e+02,  1.37071709e+00]),
 array([-2.74047259e-03, -5.01161352e-02,  1.68549156e-02, -1.63323180e-01,
         9.75019569e-01, -6.10610466e-03,  1.21421722e-02,  2.82520575e-04,
        -1.10489119e-02, -1.18384945e-01,  8.28959460e-01,  8.28751329e-01]),
 array([ 1.10448620e-02,  1.42031748e-03,  1.77523110e-02, -7.73272521e+00,
         1.01296072e+00, -4.77026283e-03, -4.28503852e-03, -4.85025552e-02,
        -1.22600774e-02,  3.41157427e+00, -1.89096248e+00,  7.39951128e-01]),
 array([ 2.96563601e-02,  1.40476031e-02,  6.63659726e-03, -1.92951846e+00,
         1.15509024e+00, -5.88068442e-02,  4.12872034e-02,  1.21551100e-02,
        -1.88727542e-01, -2.45339082e+01,  2.59691628e+01,  1.27072213e+00]),
 array([ 2.88033503e-02,  2.95114826e-02,  8.81742551e-03, -3.53057403e+00,
         2.04189450e+00,  1.65626815e-02, -6.10677693e-02,  1.69812546e-02,
        -1.59861536e-01, -4.94427091e+00,  2.91891317e+01,  9.97577299e-01]),
 array([ 2.28537625e-03,  2.47831917e-03,  1.08100134e-02,  1.09655730e+00,
        -2.81308221e-01,  8.62303312e-02, -3.19079058e-02,  7.94811717e-03,
        -1.98075804e-02, -3.61549194e+00, -8.69516025e+00,  1.22792131e+00]),
 array([ 7.35776858e-03,  7.82345090e-04,  1.19081892e-02, -6.24037682e+00,
         1.05389186e+00, -2.70231095e-02,  7.20630824e-02, -4.07276982e-02,
        -1.80656245e-02,  8.54326559e-01,  2.37327865e+01,  1.09843038e+00]),
 array([ 1.93203293e-02,  3.29720625e-03,  8.45426551e-03,  1.41948067e+01,
        -1.64340222e-01, -1.17800713e-01,  7.93205052e-02,  4.09351949e-02,
        -1.07480484e-01, -1.45369958e+00,  1.12799575e-01,  1.24938716e+00]),
 array([ 3.08982364e-02,  2.89714313e-02,  1.15398492e-02, -6.41422184e-01,
         1.00356199e+00, -1.03139674e-01,  4.95089791e-03, -2.18710532e-02,
         5.82830866e-04,  9.45586305e+00,  1.12959496e+01,  1.13188707e+00]),
 array([ 4.81248743e-03,  6.74753250e-03,  1.06707346e-02, -5.78451541e+00,
         1.26550258e+00, -2.25075980e-02,  1.62278119e-02,  4.62099627e-03,
        -1.33153175e-02,  3.13967176e+01, -4.49685434e-01,  1.26346107e+00]),
 array([ 0.05108101, -0.02717305,  0.04872196,  1.53600736, -0.1847348 ,
         0.03206124, -0.17236632,  0.00787286,  0.01125431,  2.26798933,
         2.19172726, -0.00544739]),
 array([ 6.16051014e-03,  1.76422594e-02,  1.07867632e-02,  6.30583149e-01,
         1.26111641e+00, -1.31867964e-02, -6.91920407e-03,  3.52541098e-03,
        -1.07783077e-02,  3.26673401e+01, -2.46202487e+00,  1.26463630e+00]),
 array([ 1.93235501e-03, -2.09029714e-02,  1.60791555e-02, -4.17783768e+00,
         1.00916540e+00, -8.04500634e-03,  5.40353234e-02, -9.86089713e-04,
        -1.12694483e-02,  2.38113608e+00,  2.45269573e+01,  9.98547555e-01]),
 array([ 7.91601170e-03,  3.18024687e-02,  1.50570814e-02, -5.49114866e+00,
         1.03460204e+00, -8.27015439e-06, -4.08322449e-03,  8.00121003e-03,
        -5.13596398e-02,  2.16683858e+00,  3.86508816e-01,  8.83271950e-01]),
 array([ 8.31397553e-03,  1.49128807e-02,  1.11726521e-02,  6.25053071e-01,
         1.03657383e+00, -2.75795886e-02,  2.98212313e-03,  1.02310066e-03,
        -1.16453140e-02,  2.45368501e+01, -2.73765739e+00,  1.22889798e+00]),
 array([-1.07009381e-03,  1.83440768e-02,  9.57078399e-02,  1.07642663e+00,
        -1.43669136e-01,  4.63705169e-03,  3.89157468e-02, -5.09200800e-03,
         6.36914553e-03, -2.51759236e+00, -9.06761432e+00, -5.13674516e-02]),
 array([ 1.14368511e-02,  2.57702581e-02,  1.10532159e-02, -8.35194062e-01,
         1.27405124e+00,  9.93181595e-05, -2.38060598e-02,  1.07724793e-02,
        -5.99669227e-02,  1.12163826e+01, -9.62791655e-01,  1.34622093e+00]),
 array([ 3.98954155e-02,  1.64375524e-02,  7.72818429e-03,  4.60281183e-01,
         7.88943345e-01, -5.61451036e-02,  1.31517703e-02,  1.97347794e-02,
        -1.81498363e-01, -9.38468346e+00,  3.13345807e+01,  1.27803543e+00]),
 array([ 1.10425003e-04, -3.01121363e-02,  1.60872106e-02, -8.05499956e-01,
         1.03299112e+00, -6.75568058e-03,  4.85972974e-03, -6.76842148e-04,
        -1.16452621e-02,  3.73308730e-01,  1.91798815e+01,  1.01541075e+00]),
 array([ 1.32313479e-03, -1.61405643e-04,  8.35754456e-03,  1.51444706e+02,
         9.14946158e-01,  1.75894078e-01,  3.25798271e-02,  5.33502616e-02,
        -8.82543136e-02, -4.71656887e+01,  3.80152638e+01,  1.08907703e+00]),
 array([ 1.52571195e-03, -5.65286782e-04,  1.13500922e-02,  4.35253030e-01,
         1.28578953e+00, -1.75645556e-02, -4.98659812e-02,  2.41393617e-02,
        -1.62289859e-02,  3.11810904e+00,  3.59179510e+01,  1.22146327e+00]),
 array([-1.32074293e-03, -3.81415578e-02,  1.57544349e-02, -3.81106185e+00,
         9.72190868e-01, -1.03404168e-02,  8.28180920e-02, -3.29997169e-04,
        -1.17362732e-02, -1.89518568e+00,  2.47291838e+01,  1.15615669e+00]),
 array([-1.10117005e-03, -3.62981916e-02,  1.50847161e-02, -6.58644027e+00,
         1.05363630e+00, -8.86028608e-03, -3.30435131e-03,  7.55835053e-05,
        -1.23025032e-02, -1.27966878e+00,  2.96049365e+01,  1.25148416e+00]),
 array([ 8.64066605e-03,  1.52074523e-02,  1.06877611e-02, -8.98954914e-01,
         1.04131545e+00, -2.92779861e-02,  5.39474007e-02, -1.16544307e-03,
        -1.10715962e-02,  2.69383451e+01, -1.75174036e+00,  1.28746425e+00]),
 array([ 5.49402744e-03,  7.25734372e-03,  1.39124683e-02, -1.97355540e+00,
         1.03181161e+00, -1.59239119e-02, -6.14985793e-03,  5.25330810e-03,
        -1.16243049e-02,  1.40683831e+01, -1.52048348e+00,  9.73220349e-01]),
 array([-2.72057099e-02,  9.38139056e-03,  6.57049867e-03,  5.25650295e+01,
        -1.49599249e-01,  4.30590633e-02, -1.04425212e-01, -5.77238528e-03,
        -9.03528335e-02, -3.21615723e+00,  1.19405536e+02, -1.02920470e-02]),
 array([ 9.62230734e-03,  2.61445112e-03,  4.01334411e-03, -1.11452295e+00,
         1.05151164e+00, -2.51870837e-01, -4.66448174e-02,  4.76437096e-02,
        -1.66374346e-01, -1.89312221e+01,  9.95799594e+00,  1.37111291e+00]),
 array([ 6.44300172e-03,  2.96563314e-02,  1.11528723e-02, -5.04168161e+00,
         1.30398304e+00, -9.32310915e-03, -2.68415597e-02,  4.30675176e-03,
        -9.32566127e-03,  2.26383180e+01, -5.99363539e+00,  1.26840563e+00]),
 array([ 1.00210089,  0.00466203,  0.03838522, -0.01468222,  0.00434726,
         0.06446994,  0.0150138 , -0.02011316, -0.00484013,  1.13352941,
         0.96763722,  0.00215521]),
 array([ 1.56066627e-02, -6.65125661e-03,  1.28605560e-02,  2.26495851e+00,
        -8.26464738e-02,  8.53840722e-02,  7.08340049e-02, -1.81218458e-02,
        -7.68394433e-03,  1.98923123e+00, -1.10597589e+01,  9.92577293e-01]),
 array([ 7.24161740e-03,  4.04954387e-02,  1.24386425e-02, -7.03497652e+00,
         9.87122800e-01, -6.70960024e-03,  3.52328554e-02,  3.32412705e-03,
        -5.12178161e-03,  3.29442242e+01, -7.11226070e+00,  1.16685025e+00]),
 array([ 4.16801768e-03, -7.20671736e-04,  1.41417434e-02, -4.03304151e-01,
         1.00806075e+00, -1.60007983e-02,  7.08718166e-02,  6.62835531e-03,
        -1.28542124e-02,  1.93076681e+00,  1.25320801e+01,  9.67881234e-01]),
 array([ 1.31532927,  0.01504127,  0.03898926,  0.0504253 , -0.01015039,
        -0.04067614,  0.0091014 ,  0.00469872,  0.00723147,  2.10127621,
         1.54160063,  0.00311358]),
 array([ 1.11513194e+00,  2.90288459e-02,  3.46112205e-02, -9.84563657e-02,
         1.98236633e-02, -6.79177538e-02,  1.02830379e-03, -3.47701100e-02,
         1.49577659e-02,  2.42992586e-02,  3.60374134e-02,  2.30629655e-02]),
 array([ 9.81330544e-03,  6.03214274e-03,  4.01972423e-03, -1.95521002e+01,
         9.71639386e-01, -7.52647220e-02, -2.70569015e-02,  9.00161071e-03,
        -2.07829111e-01, -4.20045879e+01,  1.92927230e+02,  9.84165488e-01]),
 array([-7.61444176e-03,  5.13865240e-03,  9.43006027e-03,  3.06246890e+01,
         1.49979672e+00, -1.08941936e-01, -3.24694312e-01,  7.48000409e-02,
        -1.03488391e-01,  2.01794076e+02,  1.76911009e+02, -2.44858430e-01]),
 array([ 3.27671638e-02,  1.09945635e-02,  7.94562200e-03,  2.15613190e+00,
         7.24181787e-01, -8.48262587e-02,  2.83013517e-03,  1.63918080e-02,
        -1.79718236e-01, -4.88694326e+01,  1.37298179e+01,  1.12668168e+00]),
 array([ 8.67106120e-03,  4.16135457e-03,  5.80083375e-03, -3.34839205e+01,
        -1.72044043e-01, -1.26746522e-01, -4.77133977e-02,  9.75407209e-03,
        -1.37768533e-01, -3.14071282e+01,  1.44518008e+02,  1.09100747e+00]),
 array([ 1.11385986e-02,  7.55119535e-04, -6.04315945e-03,  2.99890358e+00,
         1.04788430e+00, -1.15427472e-01, -2.55820265e-01,  1.18670982e-01,
        -1.39322115e-01,  5.05895310e+00,  3.19935028e+01,  1.43732890e+00]),
 array([-0.25821842,  0.00170893,  0.01763047,  1.1982479 , -0.00571083,
        -0.11419791,  0.04199884, -0.04133253,  0.03022156, -0.21432595,
        -0.5996676 , -0.03945928]),
 array([-1.26906368e-03,  3.28697145e-02, -1.50442989e-02, -1.16415442e+00,
         9.09320806e-01,  2.24724763e-03,  9.82588561e-02, -4.81445809e-03,
        -2.92774075e-02, -2.27804297e+00, -1.15637579e+00,  1.11301560e+00]),
 array([-1.82263420e-03,  7.92510689e-04,  1.11867337e-02,  1.17925133e+00,
         1.20779571e+00, -5.32334988e-03, -1.48543045e-02, -2.40362208e-02,
        -3.32974291e-02,  1.15500581e+00, -8.38730342e-02,  1.32950811e+00]),
 array([ 0.00165669,  0.01222203,  0.01271618, -0.25281382,  1.0364452 ,
        -0.01427051,  0.03425051, -0.00281958, -0.03898808, -0.04841052,
         0.96609174,  1.00178287]),
 array([-2.24973880e-02,  4.11247721e-03,  1.08923390e-02,  2.12903453e+01,
        -1.94266336e-01, -1.02437908e-01, -3.19609335e-02,  8.24245929e-02,
        -1.26998262e-01,  1.94871337e+01,  2.09022666e+00,  1.10890802e+00]),
 array([-9.90750528e-04,  2.52759118e-02, -1.58802154e-02, -3.47372427e+00,
         1.02548958e+00, -7.78452899e-03,  3.48188637e-02, -6.80988557e-04,
        -1.17529241e-02,  5.71829352e-01,  1.92751090e+01,  1.00248761e+00]),
 array([-4.61161067e-03,  1.26640252e-03,  1.06462348e-02,  1.57759367e+00,
         1.27358887e+00, -2.92418972e-02,  2.00506214e-02,  3.21707551e-02,
        -1.89651569e-02, -1.11844555e+00, -4.54132632e+00,  1.23974058e+00]),
 array([-6.30012811e-03, -1.48971181e-02,  1.15069626e-02,  1.64855281e+00,
         1.25810816e+00, -5.05322261e-03,  1.37767500e-02,  1.31953977e-03,
        -3.50068436e-02, -2.25775861e+00,  1.52918909e+01,  1.33523654e+00]),
 array([ 1.23727214e-02,  6.24404285e-02,  1.58519972e-02, -3.45742103e+00,
         1.09184356e+00, -5.92537461e-03,  1.25365572e-02,  1.11152445e-04,
        -1.30956482e-02,  1.20160295e+00, -7.61566611e+00,  9.75867497e-01]),
 array([-1.45912109e-04, -7.13633041e-04,  6.91998262e-03, -3.73329636e+01,
         1.12670763e+00, -9.08629948e-02, -1.91270075e-01,  6.38238639e-02,
        -2.64175221e-02, -1.63600769e+00,  1.60338920e+02,  2.08248815e+00]),
 array([ 4.38028338e-02,  5.81801813e-04,  2.16088357e-03, -6.66922468e-01,
        -3.69587055e-01,  7.95499233e-01, -2.75269791e-01,  4.11305768e-02,
         6.94397092e-01,  7.77400809e+01, -2.08806671e+01, -3.43271804e-01]),
 array([ 9.99700904e-03,  4.22150983e-03,  6.17898650e-03, -4.08159176e+01,
        -2.23459605e-01, -1.09928706e-01,  8.51714705e-02, -7.90547786e-04,
        -1.37059435e-01, -4.26080280e+01,  1.58135752e+02,  1.03079386e+00]),
 array([ 7.60767502e-03,  5.51888497e-03,  1.28241582e-02, -2.46649095e+00,
         9.51923732e-01, -8.75973095e-03,  1.01970012e-01, -2.13950994e-02,
        -2.93432377e-02,  1.60755369e+01,  1.19370124e+01,  1.09040788e+00]),
 array([ 8.03376331e-03,  2.35397896e-02,  1.19070074e-02,  1.03294471e+00,
         1.03862745e+00, -1.37624109e-02, -1.65055439e-03,  2.25981491e-03,
        -8.76580588e-03,  3.26844830e+01, -3.66387746e+00,  1.16038348e+00]),
 array([-0.24655865,  0.01112956,  0.08808601,  1.08707711, -0.00921544,
         0.01954691,  0.03696196,  0.00134261,  0.0062733 , -0.20962311,
         0.03880647, -0.02291863]),
 array([ 1.44044908e-03,  3.16922381e-03,  1.13985324e-02,  2.28170566e+01,
         1.36498381e+00, -1.32277547e-02, -2.71235174e-01,  2.26056244e-02,
        -1.44992560e-02,  3.66142525e+01, -3.17225155e+00,  1.18397110e+00]),
 array([-1.76966650e-02,  9.16308235e-03,  1.67678538e-02, -5.68692822e+00,
         9.08874968e-01, -7.18156686e-02, -1.43213125e-01,  6.20846054e-02,
        -6.06324003e-02,  9.82929229e+01,  6.20863878e+01, -1.22673427e-01]),
 array([ 5.53991451e-03,  4.89958222e-03,  1.07240410e-02, -5.68875909e+00,
         9.55700598e-01, -3.94197257e-02,  1.32892591e-02,  6.23952049e-03,
        -1.24573308e-02,  3.05808770e+01,  1.53912411e+01,  1.22735463e+00]),
 array([ 1.04252856e-02,  1.05030848e-02,  1.03301724e-02, -7.11695550e+00,
        -2.83593042e-01, -1.16974167e-01, -3.75134675e-02,  1.09339139e-02,
        -4.14373996e-03,  4.39736764e+01, -5.06214509e+00,  1.29435391e+00]),
 array([ 6.30846940e-03,  9.03265613e-03,  1.37637311e-02, -1.56934348e+00,
         1.00708619e+00, -1.79911601e-02,  1.52411753e-05,  3.91768473e-03,
        -1.17073176e-02,  1.05729274e+01, -1.05831983e+00,  9.87761208e-01]),
 array([-2.05955002e-02, -5.09201146e-02,  1.21389019e-02,  4.22560277e-01,
         1.19457120e+00, -4.41240587e-02,  2.70679674e-02,  7.19774910e-03,
         4.06566048e-03, -4.32878296e+00, -6.39388768e+00,  1.35171505e+00]),
 array([ 9.14851487e-03,  6.44211197e-03,  3.09373557e-03, -1.82045630e+01,
         1.65517737e+00, -6.14467695e-02, -8.58977504e-02,  1.43930912e-02,
        -2.52358181e-01, -2.63229076e+01,  2.15828268e+02,  9.94883468e-01]),
 array([ 9.42136097e-03,  3.50804074e-03,  7.13977226e-03, -2.87033490e+01,
        -4.27206522e-01, -1.25103865e-01,  7.92853445e-02, -1.26793722e-03,
        -1.14634393e-01, -3.44028358e+01,  1.18226334e+02,  1.04549180e+00]),
 array([ 2.48108543e-03, -3.77487006e-04,  1.12003919e-02,  1.50563470e+00,
         1.31587227e+00, -1.71357175e-02,  2.14847184e-02,  1.56703259e-02,
        -1.68176091e-02,  2.97480186e+00,  3.12141008e+01,  1.22076925e+00]),
 array([ 2.95441726e-03, -1.00685452e-03,  1.40294891e-02, -1.00663327e+00,
         1.25723553e+00, -2.01662893e-03,  9.24299989e-03,  1.05600497e-02,
        -1.34197534e-02,  1.69278000e+00,  1.39743196e+01,  9.78315215e-01]),
 array([ 3.66474605e-03,  9.57185648e-04,  1.65889666e-02, -7.77435081e+00,
        -2.04575425e-01, -6.13488593e-02,  1.04236954e-01,  4.26026913e-02,
        -2.30479943e-02,  8.80607526e-01,  2.47767513e+01,  9.31579966e-01]),
 array([ 2.02258430e-02,  3.33235705e-02,  1.47193337e-02, -4.40340436e+00,
         1.03446765e+00,  2.50048759e-03, -2.74567248e-02,  1.43297968e-02,
        -6.64973794e-02,  3.48434415e+00,  2.31096441e+00,  1.01428815e+00]),
 array([ 9.67952606e-01,  9.58544896e-03, -2.10924635e-01,  1.01131848e+00,
         1.10735341e-02,  1.02921241e-02,  1.55995468e-02, -8.08557489e-04,
         1.12353518e-03,  9.91295994e-01,  1.04242064e+00,  2.75901584e-03]),
 array([ 8.10712375e-03,  3.69769876e-03,  5.64283664e-03, -3.08012810e+01,
        -2.22453457e-01, -1.22903482e-01,  4.68553849e-03,  4.55251197e-03,
        -1.40594591e-01, -3.12853680e+01,  1.77298452e+02,  1.08233741e+00]),
 array([ 1.98659511e-02,  3.46609586e-02,  1.51588028e-02, -4.35197811e+00,
         1.03274246e+00,  3.83005417e-03, -2.12409436e-02,  1.38618236e-02,
        -6.45900085e-02,  3.70685611e+00,  2.16713562e+00,  1.01206683e+00]),
 array([ 1.38491609e-02,  1.06136425e-02,  4.15123204e-03, -4.97088769e+00,
         1.29252138e+00, -5.18722401e-02, -5.77832962e-02,  1.09041197e-02,
        -1.72490495e-01,  3.53144662e-01,  1.20792711e+02,  9.50319737e-01]),
 array([ 3.37083526e-02, -7.52196036e-02,  1.55134135e-02,  8.41365277e+00,
        -1.59439975e-01,  3.66314763e-02, -7.44254840e-03,  1.82395807e-03,
         6.44520549e-03,  2.59737834e+01,  1.07517877e+01,  1.19882521e+00]),
 array([ 2.27414581e-03, -1.47074245e-03,  1.13535484e-02,  2.86444573e+00,
         1.05935023e+00, -2.96751486e-02,  8.75833073e-02,  2.06898650e-02,
        -1.61798456e-02,  3.98874552e+00,  5.08417243e+01,  1.24305634e+00]),
 array([ 2.18387928e-02,  5.47033228e-03,  3.65336488e-03,  8.84875356e+00,
         7.94097105e-01, -2.74161685e-01, -2.47000260e-01,  7.44582192e-02,
        -1.90272746e-01, -9.47232428e+00,  1.57674426e+01,  1.37035122e+00]),
 array([ 2.51394651e-02,  8.98535627e-03,  5.86872464e-03,  1.37818160e+01,
        -1.94412766e-01, -2.48252220e-01, -8.25372807e-02,  5.39514344e-02,
        -2.26581598e-02,  1.63078427e+01,  1.58864522e+01,  1.23355869e+00]),
 array([ 1.31179361e-03,  1.55756548e-03,  1.02250331e-02,  5.00558800e+00,
        -3.65791759e-02, -1.17827541e-01,  4.13368262e-03, -3.79588091e-02,
        -2.42718267e-02,  1.74125879e+00, -4.51616966e-01,  1.22076725e+00]),
 array([ 6.77052347e-03,  2.48520897e-02,  1.08736831e-02, -2.91339952e+00,
         1.28070073e+00, -1.13987428e-02, -2.89367462e-03,  3.32569015e-03,
        -1.05637532e-02,  2.48747994e+01, -2.87151667e+00,  1.26329753e+00]),
 array([ 1.88302424e-02,  1.20828134e-02,  1.04846929e-02,  2.90870863e+00,
        -2.54137401e-01, -1.10590759e-01,  1.80442384e-03,  3.84273189e-03,
        -4.52977958e-02, -2.85245295e-01, -3.08539998e-01,  1.33779326e+00]),
 array([ 1.11123698e-02, -3.22501904e-03, -8.64754091e-03,  8.39278546e+00,
         9.69939082e-01,  1.58757699e-01,  3.69795661e-02,  3.00896302e-02,
        -9.10866736e-02,  1.70011930e+01,  4.33527312e+01,  1.06460243e+00]),
 array([ 3.18197560e-02,  1.19035621e-02,  6.27594423e-03,  2.53803200e+01,
         1.12160490e+00, -3.92455318e-02,  2.13377282e-02,  2.17850407e-02,
        -2.43443280e-01, -3.64951573e+01,  6.09322471e+01,  1.29695028e+00]),
 array([ 0.03621073,  0.02666756,  0.01278746,  3.07720047,  0.16729307,
        -0.05848564, -0.05542204,  0.01629673, -0.05464544,  3.32632668,
         5.95140757,  1.2462217 ]),
 array([ 0.11616546,  0.00244357, -0.0493395 ,  0.71546183,  0.06588185,
        -0.04774497,  0.13741702,  0.02159144,  0.01120645, -1.27469269,
         1.25926834,  0.02484406])]