-4.125134782539970679e+00
-4.193277253290613515e+01
-4.895980086122374075e+01
2.100340962957617563e+01
2.275923895094742744e-01
-5.683701483183840253e+01

-4.125134782539970679e+00
-3.961699575009754426e+01
-5.127265178197612272e+01
2.100705365901868049e+01
6.456167891714831297e-01
-5.664217683909637913e+01

-4.125134782539970679e+00
-4.219496988312387487e+01
-4.869193505482527939e+01
-1.018669672492811484e+00
2.099067359890852913e+01
-5.684754199699276711e+01

-4.125134782539970679e+00
-4.487863702563288371e+01
-4.598698707775646000e+01
2.097750546542063788e+01
-2.915274361278301640e-01
-5.694754966037576338e+01

-4.125134782539970679e+00
-4.201169375131786410e+01
-4.882391875122270619e+01
-1.006323876708340226e+00
2.095301332292291008e+01
-5.683869089290613630e+01

-4.125134782539970679e+00
-4.760853229263380371e+01
-6.566041739351807394e+01
1.762970566480417389e+01
4.435644843292690709e+00
-4.430890513507010553e+01

-4.125134782539970679e+00
-4.696486502510846606e+01
-4.394546957369006179e+01
-1.687797113740704125e-01
2.105050553608744224e+01
-5.691447448980651558e+01

-4.125134782539970679e+00
-4.604979410887438718e+01
-4.484466612986344103e+01
2.097962449993056921e+01
5.252093449156646221e-01
5.695219175157559022e+01

-4.125134782539970679e+00
-4.689898059751532600e+01
-4.396785320285570009e+01
2.094351965857143583e+01
-6.498879541898076040e-01
-5.695386280739388951e+01

-4.125134782539970679e+00
-4.723433045587624690e+01
-4.356360404606309089e+01
2.089050905466245922e+01
-6.584475618347356285e-01
-5.693712097467710009e+01

-4.125134782539970679e+00
-3.949739239690438097e+01
-5.137983960432364938e+01
-1.508352549789963026e+00
2.095132252365500491e+01
-5.663098706400371185e+01

-4.125134782539970679e+00
-4.155051015665399206e+01
-4.930399716679451672e+01
-1.111686082082692151e+00
2.096525862940373841e+01
-5.680905279079610182e+01

-4.125134782539970679e+00
-4.269242036524391182e+01
-4.820198848034347350e+01
2.101059501599572954e+01
-8.250629745374427060e-02
5.688081209605623201e+01

-4.125134782539970679e+00
-5.393488240477101670e+01
-3.686995524855926476e+01
2.082892035353076565e+01
-1.930985752635605568e+00
-5.632279210533406655e+01

-4.125134782539970679e+00
-4.621881815956959372e+01
-4.468284678246018160e+01
2.098278155790922739e+01
-5.570977945742511261e-01
-5.695266720917308589e+01

-4.125134782539970679e+00
-4.461358121101136476e+01
-4.624488407215283559e+01
-5.501025954798590689e-01
2.099938867711708923e+01
-5.693261233630228446e+01

-4.125134782539970679e+00
-5.155153735055147735e+01
-3.929095632367097579e+01
2.086588207609936063e+01
-1.463437217686787584e+00
-5.663974335673187710e+01

-4.125134782539970679e+00
-4.717728089641700961e+01
-4.372147210311287324e+01
2.098373832357589208e+01
-7.335726508579596405e-01
-5.693292363765927888e+01

-4.125134782539970679e+00
-4.170342342356556031e+01
-4.915689908653138929e+01
-1.082785600030430118e+00
2.096660627149472944e+01
-5.682118154496693307e+01

-4.125134782539970679e+00
-5.063472642525461964e+01
-4.025100491016608828e+01
5.428060333973865337e-01
2.102851507831258004e+01
-5.669306217060152875e+01

-4.125134782539970679e+00
-4.795259773700043837e+01
-4.291691963145650845e+01
2.095943606517343838e+01
-8.706900209764785181e-01
-5.689935150492017613e+01

-4.125134782539970679e+00
-5.340624789791392146e+01
-3.751593066478491068e+01
1.020429999184849335e+00
2.105342723465361487e+01
-5.637379014287896695e+01

-4.125134782539970679e+00
-5.575735496870685637e+01
-3.514619425898307270e+01
1.527588253211550340e+00
2.096537718773319270e+01
-5.601132895236428766e+01

-4.125134782539970679e+00
-4.428573571521067009e+01
-4.663555698357817647e+01
-6.643798159290922323e-01
2.103700136289368672e+01
-5.692631753555046004e+01

-4.125134782539970679e+00
-4.230276110119542921e+01
-4.856681636031314042e+01
2.099515373745771640e+01
1.750188249550882202e-01
-5.685998793020183939e+01

-4.125134782539970679e+00
-4.482671050625982900e+01
-4.607476683325928235e+01
-5.613366920038261876e-01
2.103476081933073161e+01
-5.693040852339115077e+01

-4.125134782539970679e+00
-5.008374377996484839e+01
-4.085344381588113549e+01
4.089356705995955688e-01
2.105526416596418215e+01
-5.675772949019409452e+01

-4.125134782539970679e+00
-2.947925006271219317e+01
-6.141469233636523484e+01
-3.355760924788523170e+00
2.070245483671044084e+01
-5.468970844552896438e+01

-4.125134782539970679e+00
-4.393209705936897791e+01
-4.697273601516592834e+01
-7.212213621364371718e-01
2.102176499183525493e+01
-5.691935107683546136e+01

-4.125134782539970679e+00
-4.826419598110461351e+01
-4.260715398754189209e+01
2.093681642308437674e+01
-8.838583952608211058e-01
-5.690373312165658604e+01

-4.125134782539970679e+00
-4.035326207240670726e+01
-5.052793053446355032e+01
2.101012910226485886e+01
5.124966990002650657e-01
-5.671302198003281347e+01

-4.125134782539970679e+00
-4.283069530065811392e+01
-4.804601676193883719e+01
2.101201848124314608e+01
5.632482673416082386e-02
-5.688098669889421899e+01

-4.125134782539970679e+00
-5.230866078806900532e+01
-3.850819416886771052e+01
2.084761931529425283e+01
-1.617820107860525880e+00
-5.654867697685990890e+01

-4.125134782539970679e+00
-4.862841680299293756e+01
-4.227369919136353360e+01
1.755186123733224746e-01
2.102868556048007420e+01
-5.684926971908322457e+01

-4.125134782539970679e+00
-4.443945744889342819e+01
-4.642254944253075877e+01
2.098778978886087643e+01
-2.225732266836789597e-01
-5.693616353760202031e+01

-4.125134782539970679e+00
-4.717487423437826521e+01
-4.371513021726961767e+01
-1.012209278274239788e-01
2.103186957024670534e+01
-5.690920337810532459e+01

-4.125134782539970679e+00
-3.985570112218248795e+01
-5.098647473980592082e+01
2.096646923157948095e+01
6.407640285066843466e-01
-5.667344599936684801e+01

-4.125134782539970679e+00
-3.909383568733556302e+01
-5.180433769401793853e+01
-1.595530598675301448e+00
2.095839080262088672e+01
-5.659059946541184871e+01

-4.125134782539970679e+00
-4.857959469242824468e+01
-4.228116507580509875e+01
2.093419377951950011e+01
-9.790882258501445445e-01
-5.686815476346205855e+01

-4.125134782539970679e+00
-4.179164917441715943e+01
-4.906512263752772895e+01
2.098104526109198176e+01
2.748803761335086859e-01
-5.682969299191785950e+01

-4.125134782539970679e+00
-4.508952426911788081e+01
-4.578871576992624171e+01
-4.742413362647567854e-01
2.100399914630975928e+01
-5.693821469252010559e+01

-4.125134782539970679e+00
-4.360947275348348739e+01
-4.723387570597422780e+01
2.096235626026359000e+01
-4.677938377495760580e-02
-5.692362443053848864e+01

-4.125134782539970679e+00
-5.286776652620009287e+01
-3.790855904001013243e+01
2.081418830118624541e+01
-1.688451772800623640e+00
-5.648147565260727987e+01

-4.125134782539970679e+00
-3.986161253831259188e+01
-5.102769325848776560e+01
-1.452306952282798713e+00
2.096602635651505864e+01
-5.666797643487302594e+01

-4.125134782539970679e+00
-4.247438849935309690e+01
-4.842842607767573782e+01
-9.913058445206143210e-01
2.101380121967131842e+01
-5.685807661165725335e+01

-4.125134782539970679e+00
-3.797230136685860202e+01
-5.292636756995474201e+01
2.100780723296277586e+01
9.463415039617933955e-01
-5.644643654679102696e+01

-4.125134782539970679e+00
-4.769620613922167252e+01
-4.319492113639000053e+01
2.099158525874159054e+01
-8.315980201802195548e-01
-5.690285009885123912e+01

-4.125134782539970679e+00
-4.250774046586477795e+01
-4.834465141731215709e+01
2.097680440148603509e+01
1.471433520988977561e-01
-5.687526171669015440e+01

-4.125134782539970679e+00
-4.168596997543846783e+01
-4.919789816088869827e+01
2.100591775933317962e+01
2.719618528545625358e-01
-5.681919443903139211e+01

-4.125134782539970679e+00
-4.352005919123405420e+01
-4.735111707195144248e+01
2.098376318433518506e+01
-5.491493132874818162e-02
-5.691234562079344528e+01

-4.125134782539970679e+00
-4.001000668664759985e+01
-5.086924161914182463e+01
-1.409252452400003408e+00
2.095767955589220932e+01
-5.668424239275233845e+01

-4.125134782539970679e+00
-3.813803039110729287e+01
-5.275430905968339346e+01
2.099471828711572030e+01
9.270395100769600605e-01
-5.647111687734315666e+01

-4.125134782539970679e+00
-4.082681656662528979e+01
-5.004785420411482733e+01
-1.260411018523714288e+00
2.096847252646696091e+01
-5.675496106159643261e+01

-4.125134782539970679e+00
-4.328115898882157353e+01
-4.760803027549436450e+01
2.100415678231743399e+01
-2.072556871175203208e-02
-5.690769684718805621e+01

-4.125134782539970679e+00
-4.600920136470015365e+01
-4.484995968599076122e+01
2.097211466890603404e+01
-4.983068525214719435e-01
-5.694979545559191791e+01

-4.125134782539970679e+00
-4.724892020524833214e+01
-4.361026711923241095e+01
2.095280204530155288e+01
-7.143443186148832336e-01
-5.692607962100607466e+01

-4.125134782539970679e+00
-4.028863998545433844e+01
-5.059797277264500792e+01
2.100434506372964094e+01
5.304870955561343804e-01
-5.670954729771664660e+01

-4.125134782539970679e+00
-4.791533047086801389e+01
-4.293173380995779809e+01
2.093575503775372226e+01
-8.313080744862072491e-01
-5.690409503847088502e+01

-4.125134782539970679e+00
-4.571885176076740009e+01
-4.517965506017535660e+01
2.099769661833745005e+01
4.613309033350454502e-01
5.695322173636033369e+01

-4.125134782539970679e+00
-4.251549478597073772e+01
-4.838874317988938145e+01
-9.838265395151603032e-01
2.101460986075953130e+01
-5.686093895973182555e+01

-4.125134782539970679e+00
-5.200003875587473345e+01
-3.887003984474215201e+01
2.088486907220054789e+01
-1.565946413799887083e+00
-5.659434885007568994e+01

-4.125134782539970679e+00
-4.491128888439555311e+01
-4.596159668372671803e+01
2.099882304142342804e+01
-3.317726018364536844e-01
-5.694658574633558601e+01

-4.125134782539970679e+00
-4.115219216190232743e+01
-4.972114146586651628e+01
-1.199970694008015260e+00
2.097224801938362049e+01
-5.678060252253417417e+01

-4.125134782539970679e+00
-4.284988031299604927e+01
-4.803755785667128464e+01
2.100822320462674497e+01
5.221039311664316812e-02
-5.688655403283831902e+01

-4.125134782539970679e+00
-4.399395134508206695e+01
-4.689312678177143567e+01
2.099674662819736426e+01
-1.513468980763157390e-01
-5.692993238020007851e+01

-4.125134782539970679e+00
-3.709743882361942013e+01
-5.375439611455411182e+01
-1.925644355102901661e+00
2.089526159002139494e+01
-5.633029849296666924e+01

-4.125134782539970679e+00
-4.557534340245818782e+01
-4.529249090602264260e+01
-3.816815729924182277e-01
2.100405344313328371e+01
-5.694062180683598484e+01

-4.125134782539970679e+00
-4.601168017215822204e+01
-4.479705544886730451e+01
2.091768579822766227e+01
-4.497862766549582392e-01
-5.695395422504832084e+01

-4.125134782539970679e+00
-4.360223700169186145e+01
-4.724367376350033254e+01
2.096208394008244724e+01
-3.686172211432254403e-02
-5.691902129657953679e+01

-4.125134782539970679e+00
-4.475821417604984731e+01
-4.614719197154059316e+01
2.101003717856730546e+01
-2.968858754558575397e-01
-5.694588168446144039e+01

-4.125134782539970679e+00
-4.446398423232727026e+01
-4.641939185328580919e+01
-5.963098274661429166e-01
2.100597957998393639e+01
-5.693439549514374676e+01

-4.125134782539970679e+00
-4.472184684704322422e+01
-4.616859100869824317e+01
2.100758674437340190e+01
-2.870624883839636987e-01
-5.694122713311989514e+01

-4.125134782539970679e+00
-4.749827792350009048e+01
-4.334984672072580025e+01
2.094017824194706989e+01
-7.661355301839968268e-01
-5.692178581399819848e+01

-4.125134782539970679e+00
-3.778755465948284353e+01
-5.303632423030416732e+01
2.093634459002924686e+01
1.040703359439008047e+00
-5.642997884031137801e+01

-4.125134782539970679e+00
-4.869571833874454114e+01
-4.219364515280652483e+01
1.706951164603631166e-01
2.103400279654106697e+01
-5.683722339338816454e+01

-4.125134782539970679e+00
-4.648358996887934325e+01
-4.441198669736158422e+01
2.097786967870008823e+01
5.876469098023041626e-01
5.695672515152352844e+01

-4.125134782539970679e+00
-4.424032906811583388e+01
-4.665174992054601688e+01
-6.490304989880283371e-01
2.101473942073363688e+01
-5.692353283797250185e+01

-4.125134782539970679e+00
-4.024386533542439537e+01
-5.061446849767750678e+01
2.098757720547683547e+01
5.469462639300377571e-01
-5.670466829347619608e+01

-4.125134782539970679e+00
-5.156115445129135821e+01
-3.928330457022682509e+01
2.087565673478570716e+01
-1.453788486815825065e+00
-5.665484256371239269e+01

-4.125134782539970679e+00
-4.466563582985155278e+01
-4.621905465071749575e+01
-5.684804504274185710e-01
2.101424384496798581e+01
-5.693336689305895959e+01

-4.125134782539970679e+00
-4.348513140802126031e+01
-4.742077629739199551e+01
-8.046683651255338576e-01
2.102419441218687979e+01
-5.690380502753571790e+01

-4.125134782539970679e+00
-4.363488186541971459e+01
-4.722320156962617688e+01
2.099538679420649956e+01
-8.635472817965393622e-02
-5.690256780837707140e+01

-4.125134782539970679e+00
-3.735359678592779176e+01
-5.346226455695547486e+01
-1.834347636981617624e+00
2.086506981848993902e+01
-5.638025716904238038e+01

-4.125134782539970679e+00
-4.041378245906734179e+01
-5.047843527566097777e+01
2.101524221151678518e+01
-4.938076892174392274e-01
5.671621183862360027e+01

-4.125134782539970679e+00
-4.434814611322077837e+01
-4.655105545166784253e+01
-6.538143812187189319e-01
2.103561196179956738e+01
-5.691990438844575806e+01

-4.125134782539970679e+00
-4.868343115090747375e+01
-4.219674574761210550e+01
2.095350073073725738e+01
-1.002812747238333912e+00
-5.687054099445660427e+01

-4.125134782539970679e+00
-3.479461356195027832e+01
-5.611141455103867770e+01
-2.396452387295457953e+00
2.087116190738673538e+01
-5.594818811490550559e+01

-4.125134782539970679e+00
-4.327465592122804594e+01
-4.756495250614174353e+01
2.096074891087878456e+01
2.236765977302767119e-02
-5.691097818024002208e+01

-4.125134782539970679e+00
-4.436043935708732278e+01
-4.651792004252148161e+01
-6.227021250658065776e-01
2.101274098935573420e+01
-5.692299168013154542e+01

-4.125134782539970679e+00
-4.023817358584167181e+01
-5.064905705905353273e+01
-1.385178188635718843e+00
2.097319946091313270e+01
-5.670077182484217104e+01

-4.125134782539970679e+00
-4.069845733540406485e+01
-5.020126808741383684e+01
2.100486045032232596e+01
4.502019381195782599e-01
-5.674711095255624826e+01

-4.125134782539970679e+00
-4.392633402740671045e+01
-4.692847752795796623e+01
2.096063263913275776e+01
-1.135850650974994658e-01
-5.693533523154476228e+01

-4.125134782539970679e+00
-4.295392861298446263e+01
-4.792354674874187737e+01
2.099881546900424567e+01
4.853900969271713467e-02
-5.689320819574713539e+01

-4.125134782539970679e+00
-3.837292034368505966e+01
-5.251291428899122593e+01
-1.719398032111319585e+00
2.093568669312176667e+01
-5.650537384092420723e+01

-4.125134782539970679e+00
-4.332930021234580664e+01
-4.757536861052756905e+01
-8.365963289040329043e-01
2.102332008659021056e+01
-5.689444426209990979e+01

-4.125134782539970679e+00
-3.041317665141761850e+01
-6.047564924127018315e+01
-3.174838044338654353e+00
2.072963255170497376e+01
-5.495252553013145302e+01

-4.125134782539970679e+00
-4.462381348720499119e+01
-4.628508671043069711e+01
-5.929728100942034397e-01
2.103839648855739242e+01
-5.692992615975172299e+01

-4.125134782539970679e+00
-4.406618322515385699e+01
-4.684263744728741585e+01
-7.009726070900432759e-01
2.103153194044623575e+01
-5.691689761627981170e+01

-4.125134782539970679e+00
-4.105845814410456285e+01
-4.977407763560465526e+01
-1.171474454750542238e+00
2.093484482508089783e+01
-5.677735483894239366e+01

-4.125134782539970679e+00
-4.258852532379399491e+01
-4.830436439152904882e+01
2.100913839506145564e+01
1.028278673017706396e-01
-5.687488250443697524e+01

-8.250269565079941358e+00
-4.851197116040584945e+01
-6.616042870836707834e+01
2.986666032448176633e+00
1.570930036619300729e+01
-4.362950691275723614e+01

-8.250269565079941358e+00
-3.140754445828502739e+01
-5.920088908934789629e+01
-7.938232208014689206e+00
2.384342642537308166e+01
-5.666763455056243259e+01

-8.250269565079941358e+00
-4.997867747556163920e+01
-4.046480120876231723e+01
2.419699010866750299e+01
-5.800755714907643856e+00
-5.814913115244934971e+01

-8.250269565079941358e+00
-4.564918413991735946e+01
-6.903086816372750434e+01
2.473686282003352499e+00
1.579531982200237472e+01
-4.294778547131901547e+01

-8.250269565079941358e+00
-4.338702479576076598e+01
-4.703217589907109186e+01
-5.143169350236913573e+00
2.433206223772351251e+01
-5.829942928505292343e+01

-8.250269565079941358e+00
-3.800666747663651535e+01
-5.258929114411692751e+01
2.492769581568493109e+01
-3.493007053210308133e+00
-5.787128857790816738e+01

-8.250269565079941358e+00
-4.196917521696497744e+01
-4.860400771784133411e+01
2.474132732265154289e+01
-4.287553020399314185e+00
-5.824083661507210508e+01

-8.250269565079941358e+00
-4.435350367704491248e+01
-4.627086719069477283e+01
-5.295891028394735578e+00
2.467349566344444867e+01
-5.831781264885021443e+01

-8.250269565079941358e+00
-4.594197219085105388e+01
-4.460974733974901341e+01
2.454418778413806024e+01
-5.108354125408542501e+00
-5.833328949659968288e+01

-8.250269565079941358e+00
-3.447755592694156945e+01
-5.617697982770283716e+01
-7.403160827422203383e+00
2.413101755233230605e+01
-5.732244404326086595e+01

-8.250269565079941358e+00
-4.519038032231291879e+01
-4.542384246267234005e+01
2.468019764829731244e+01
-5.049137149183924755e+00
-5.832988949190281147e+01

-8.250269565079941358e+00
-3.680545405770109824e+01
-5.388312440515654345e+01
2.510908317340786766e+01
-3.358589198724972746e+00
-5.769887054213859301e+01

-8.250269565079941358e+00
-4.853248533894406336e+01
-4.203013408408155982e+01
2.443476339077090387e+01
-5.672166152959473351e+00
-5.824449787270311418e+01

-8.250269565079941358e+00
-3.534329606842695881e+01
-5.529241369399110084e+01
-7.188372203912808622e+00
2.416192506856788924e+01
-5.747870907849425492e+01

-8.250269565079941358e+00
-5.591914228988005675e+01
-5.873890105727578970e+01
1.525138901886609943e+01
4.785698045770593545e+00
-4.446816338072982688e+01

-8.250269565079941358e+00
-4.531547343642965586e+01
-4.497711425569504939e+01
-4.587568590847803662e+00
2.428911396032594538e+01
-5.831480298476450486e+01

-8.250269565079941358e+00
-4.243604012764754430e+01
-4.817553581241993044e+01
2.476834895326252450e+01
-4.441431117402531825e+00
-5.826701684687525784e+01

-8.250269565079941358e+00
-4.506116063213841016e+01
-4.560967858372988815e+01
2.475041676129529833e+01
-5.084284076445846345e+00
-5.833634471007724898e+01

-8.250269565079941358e+00
-4.634850860984286669e+01
-6.834065255047501353e+01
2.594624554972633668e+00
1.577290599058293630e+01
-4.312764717059570785e+01

-8.250269565079941358e+00
-4.532087562191056662e+01
-4.533889280589165338e+01
-5.133471079033938622e+00
2.475242315476348054e+01
-5.832410372187290903e+01

-8.250269565079941358e+00
-4.168458651570098539e+01
-4.881610101142671709e+01
2.466793954853986293e+01
-4.162159385908534404e+00
-5.821976563525854687e+01

-8.250269565079941358e+00
-4.515643045803098232e+01
-4.549079907754066454e+01
2.470669087727949176e+01
-5.071863659947070779e+00
-5.834143679796910220e+01

-8.250269565079941358e+00
-4.130315043032038602e+01
-4.928450467599879659e+01
2.479941012702124681e+01
-4.188822474492727821e+00
-5.819875009191533621e+01

-8.250269565079941358e+00
-3.712952272670951714e+01
-5.350745151849327641e+01
2.503048683437306110e+01
-3.365584338441103718e+00
-5.774649784007943509e+01

-8.250269565079941358e+00
-5.438828826878182809e+01
-3.620160936874356850e+01
2.410452014563169243e+01
-6.897735559491536605e+00
-5.764218123770994850e+01

-8.250269565079941358e+00
-2.846561937034838152e+01
-6.196641985631283944e+01
-8.249226998834698676e+00
2.343114250066087223e+01
-5.589299890156161155e+01

-8.250269565079941358e+00
-4.343427040398521655e+01
-4.684439506429615818e+01
-4.931916544814049175e+00
2.417913996496009688e+01
-5.828992201758594405e+01

-8.250269565079941358e+00
-4.441501677038071705e+01
-4.617977154441544485e+01
2.468984591565814313e+01
-4.873692089627610358e+00
-5.832544025177574554e+01

-8.250269565079941358e+00
-4.435234846960938171e+01
-4.593580899267635687e+01
2.421140191971603883e+01
-4.394852445340502456e+00
-5.833549800571029209e+01

-8.250269565079941358e+00
-3.205033935110444077e+01
-5.870709021976515629e+01
-8.029048354625130557e+00
2.404803963866435623e+01
-5.680825874474736992e+01

-8.250269565079941358e+00
-4.234628813342995812e+01
-4.830970472556357009e+01
2.485312177610593665e+01
-4.501587148768112279e+00
-5.825844198365474824e+01

-8.250269565079941358e+00
-5.219583779819681268e+01
-3.849856269313823276e+01
-3.717485291370996148e+00
2.508068674754674277e+01
-5.791873796966009991e+01

-8.250269565079941358e+00
-5.098377596655709709e+01
-3.968856094826035985e+01
2.439820641213655961e+01
-6.276439350672484707e+00
-5.809126186514670565e+01

-8.250269565079941358e+00
-3.424375789070879961e+01
-5.644585133512419617e+01
2.517454089472352763e+01
-2.787421327152995065e+00
-5.726088312239601663e+01

-8.250269565079941358e+00
-4.874641494625907967e+01
-6.592990340936222537e+01
3.037768118068139511e+00
1.569199765874905950e+01
-4.365272524177526492e+01

-8.250269565079941358e+00
-3.799086695195025953e+01
-5.255931277075632124e+01
2.485568714360043785e+01
-3.430207023779677566e+00
-5.787518611190557039e+01

-8.250269565079941358e+00
-4.201601606874615413e+01
-4.865864346556685405e+01
-5.872219003959541439e+00
2.462117728419826079e+01
-5.823264933557931755e+01

-8.250269565079941358e+00
-4.508355157569036464e+01
-4.555065710623805586e+01
2.468027188451924658e+01
-5.019837148078664768e+00
-5.834765591483331093e+01

-8.250269565079941358e+00
-5.154112425248819562e+01
-3.904674845483593515e+01
2.428624192736577569e+01
-6.300922629940526321e+00
-5.801763603750183762e+01

-8.250269565079941358e+00
-5.365690804675850245e+01
-3.691849422563696237e+01
2.413605803247163450e+01
-6.704343436939710799e+00
-5.775642995090469611e+01

-8.250269565079941358e+00
-4.210498576262803994e+01
-4.858000741028234160e+01
-5.872769379296685521e+00
2.464134619253390923e+01
-5.823625469765410401e+01

-8.250269565079941358e+00
-3.891289473196235349e+01
-5.176117405832889773e+01
2.501430907432680684e+01
-3.791791302191058755e+00
-5.797594295130259923e+01

-8.250269565079941358e+00
-3.452226104399281326e+01
-5.608058642980030584e+01
2.503530620723325839e+01
-2.746115100411066212e+00
-5.732227785408366572e+01

-8.250269565079941358e+00
-5.236003408932758418e+01
-3.831248921003608388e+01
-3.621792378417892255e+00
2.502897596120689272e+01
-5.790488863081360904e+01

-8.250269565079941358e+00
-5.199103167937896330e+01
-3.863813610360343631e+01
2.432640141877739381e+01
-6.470799227932193531e+00
-5.796843812246015659e+01

-8.250269565079941358e+00
-5.733192503366466752e+01
-5.734216882081878452e+01
1.532106904418170146e+01
4.535013306151645551e+00
-4.449652525938068237e+01

-8.250269565079941358e+00
-4.810766026143526375e+01
-6.656780536386131075e+01
2.915974776559330905e+00
1.570895747918635799e+01
-4.352796129402400993e+01

-8.250269565079941358e+00
-4.900958209859094694e+01
-4.114142373931119323e+01
-3.558796538998407311e+00
2.419037257910012428e+01
-5.818497896507612666e+01

-8.250269565079941358e+00
-3.880942713849049852e+01
-5.180136986859626091e+01
2.492369300286751610e+01
-3.685635665782767578e+00
-5.796642465782712605e+01

-8.250269565079941358e+00
-3.943514500371677656e+01
-5.127138130132608751e+01
-6.455451520152007738e+00
2.450920125030422270e+01
-5.803317337562278766e+01

-8.250269565079941358e+00
-2.949932075229829209e+01
-6.123928066428774741e+01
2.535525365855675162e+01
-1.786917088597218317e+00
-5.612741378558862948e+01

-8.250269565079941358e+00
-4.389671852008929420e+01
-4.669762224573602083e+01
2.469669924638435177e+01
-4.732914516875305289e+00
-5.831169335538499610e+01

-8.250269565079941358e+00
-3.903056996092352904e+01
-5.156371878608371873e+01
-6.356203452561961065e+00
2.434217912613039658e+01
-5.799485767284841131e+01

-8.250269565079941358e+00
-4.792532547508930207e+01
-4.266100011772198997e+01
2.445841610178646164e+01
-5.525741074389616259e+00
-5.829504818719891546e+01

-8.250269565079941358e+00
-4.007402217574517067e+01
-5.055259075297838223e+01
2.489626538190012184e+01
-3.972266419919943115e+00
-5.809394059464544569e+01

-8.250269565079941358e+00
-4.665458525549841085e+01
-4.393682853896327600e+01
-4.739539640801992526e+00
2.471989603052171702e+01
-5.830790451188819645e+01

-8.250269565079941358e+00
-5.043588913830053144e+01
-4.013240365350447547e+01
2.431788608643276106e+01
-6.036903918448821571e+00
-5.812300498537253901e+01

-8.250269565079941358e+00
-4.756396779040031220e+01
-4.304747008443433032e+01
-4.600647415702835197e+00
2.479924693793409674e+01
-5.827905645125088796e+01

-8.250269565079941358e+00
-3.812965313035584813e+01
-5.241327075347395237e+01
2.486517776026245841e+01
-3.471438069629753098e+00
-5.788366971765667301e+01

-8.250269565079941358e+00
-4.545195369376673256e+01
-4.512759239771096986e+01
-4.989048502274747499e+00
2.466022193415156494e+01
-5.831930314406552185e+01

-8.250269565079941358e+00
-4.171191300730195195e+01
-4.880472458242807221e+01
2.469657378987122698e+01
-4.196381547031719172e+00
-5.821748300335813298e+01

-8.250269565079941358e+00
-5.032727299866479598e+01
-4.029943844853038115e+01
2.439330315850012809e+01
-6.091850512546377772e+00
-5.813444409244836208e+01

-8.250269565079941358e+00
-4.790262801708026785e+01
-4.257130496315682677e+01
2.434560081986199620e+01
-5.410530504935963769e+00
-5.827540438188554361e+01

-8.250269565079941358e+00
-4.682774808723522852e+01
-4.391984915823794466e+01
-4.945062080618271239e+00
2.493387068179964317e+01
-5.831227373155801530e+01

-8.250269565079941358e+00
-5.252312443000204922e+01
-6.213474011324881729e+01
3.704335075865299309e+00
1.555230230366600708e+01
-4.422816279350908530e+01

-8.250269565079941358e+00
-4.752539239642734969e+01
-4.312517211205577183e+01
-4.663795172019590041e+00
2.484694570834160032e+01
-5.828003623923507348e+01

-8.250269565079941358e+00
-5.085706213331546621e+01
-3.974474388023019600e+01
2.434404301326683395e+01
-6.199798467501034693e+00
-5.808638992384893385e+01

-8.250269565079941358e+00
-5.639962172341642344e+01
-5.828112933965444853e+01
1.527565812112309018e+01
4.707296329405171065e+00
-4.447113557658536820e+01

-8.250269565079941358e+00
-4.887692668615634517e+01
-4.168684699284695228e+01
2.441165495581407896e+01
-5.736405343093119669e+00
-5.823218538662960952e+01

-8.250269565079941358e+00
-4.356100281876734925e+01
-4.697389517830510641e+01
2.462372447861226732e+01
-4.581058736671976384e+00
-5.830615271252752052e+01

-8.250269565079941358e+00
-3.698213670221746696e+01
-5.358449456146831835e+01
2.491267605224720327e+01
-3.233764068555120552e+00
-5.773412665849613035e+01

-8.250269565079941358e+00
-4.359968530155919098e+01
-4.701772247323463461e+01
2.474254992193280955e+01
-4.702492814130431853e+00
-5.831358187558846851e+01

-8.250269565079941358e+00
-4.260908138637095988e+01
-4.799598659409269175e+01
2.477172374252657505e+01
-4.492593545941913291e+00
-5.826976439288432630e+01

-8.250269565079941358e+00
-4.775158387996957288e+01
-4.287852337893286148e+01
2.454565458991329407e+01
-5.586731162422058361e+00
-5.829528699727341490e+01

-8.250269565079941358e+00
-5.831436994492793957e+01
-5.633771342670574711e+01
1.536668861698208488e+01
4.357500826074549138e+00
-4.448036956491877447e+01

-8.250269565079941358e+00
-3.544700752455564441e+01
-5.486108460373792184e+01
2.454917776223597059e+01
-2.548160418306319563e+00
-5.752333760819876574e+01

-8.250269565079941358e+00
-4.634647260398882906e+01
-4.422949217809851774e+01
2.454969015803011345e+01
-5.219599666811083338e+00
-5.833116934778439600e+01

-8.250269565079941358e+00
-3.570525972940981774e+01
-5.496547110195626828e+01
-7.175013171706889459e+00
2.423372870315579419e+01
-5.753607145196357919e+01

-8.250269565079941358e+00
-4.758382649634036454e+01
-4.295548959388870003e+01
2.441674270743241593e+01
-5.399616151631286165e+00
-5.830260858764508924e+01

-8.250269565079941358e+00
-4.880642471561078111e+01
-6.586484121285218407e+01
3.043345604645898650e+00
1.568990274464138679e+01
-4.367016104864339354e+01

-8.250269565079941358e+00
-3.763420267195051139e+01
-5.299249272105520703e+01
2.498454595463284633e+01
-3.450102770965576049e+00
-5.782103207734291317e+01

-8.250269565079941358e+00
-4.956382192646034923e+01
-6.508769231325695159e+01
3.179535189139754081e+00
1.566550983551559817e+01
-4.381263325392952623e+01

-8.250269565079941358e+00
-3.463948439015080538e+01
-5.592671349527827118e+01
-7.196175254585382319e+00
2.401844251418810217e+01
-5.736452008220571486e+01

-8.250269565079941358e+00
-4.139302542737794965e+01
-4.918498347926460212e+01
2.477263412182851354e+01
-4.184282156738261094e+00
-5.820236154885517976e+01

-8.250269565079941358e+00
-5.557465253468075161e+01
-5.910222555799470001e+01
1.523055654444911866e+01
4.845027682150981008e+00
-4.444650932213465921e+01

-8.250269565079941358e+00
-4.562712777665465325e+01
-4.497295899416575082e+01
2.460265739438474242e+01
-5.084718822734649812e+00
-5.834526491966471440e+01

-8.250269565079941358e+00
-4.046451273107970792e+01
-5.018688204967195077e+01
-6.149683291870612578e+00
2.449598185930616623e+01
-5.812852701809215716e+01

-8.250269565079941358e+00
-4.416922829703384679e+01
-4.625781392068100217e+01
-4.992370300256221860e+00
2.437289738343039858e+01
-5.831841248135055622e+01

-8.250269565079941358e+00
-4.266738113116208808e+01
-4.784829831658805688e+01
2.463154356735410744e+01
-4.367376162460028688e+00
-5.827545612108080064e+01

-8.250269565079941358e+00
-4.965590589421837109e+01
-4.101842997722059891e+01
2.448367549642754071e+01
-6.017708584073805156e+00
-5.818899202748102084e+01

-8.250269565079941358e+00
-3.023680033433306846e+01
-6.043096243079180141e+01
-8.254676724122427700e+00
2.380247561665224865e+01
-5.637871146915674103e+01

-8.250269565079941358e+00
-4.547508267728854037e+01
-4.481655729598536908e+01
2.421440296224114874e+01
-4.656914558491823009e+00
-5.832856243729742829e+01

-8.250269565079941358e+00
-4.846124514198773880e+01
-4.218259321178519627e+01
2.449368250538942604e+01
-5.709676624439636861e+00
-5.826949134364289762e+01

-8.250269565079941358e+00
-4.240356637303125353e+01
-4.815377160818987079e+01
-5.553225346607948865e+00
2.445637242328005456e+01
-5.826287772075554727e+01

-8.250269565079941358e+00
-4.117984979360527120e+01
-4.938323072020090621e+01
2.476853424562034078e+01
-4.123878797117968453e+00
-5.818292584925698918e+01

-8.250269565079941358e+00
-4.823852779371476629e+01
-4.245366134576935480e+01
-4.578077610294566391e+00
2.493616344334287760e+01
-5.825188306922309778e+01

-8.250269565079941358e+00
-4.306351239469875480e+01
-4.751423737527915847e+01
2.470221957291100878e+01
-4.536607210777466648e+00
-5.829263103790245282e+01

-8.250269565079941358e+00
-4.532787155621203823e+01
-4.531980782032819377e+01
2.472728175251033633e+01
-5.138888728797302186e+00
-5.832960957819742731e+01

-8.250269565079941358e+00
-3.076105878564995422e+01
-5.983222398654336871e+01
-8.056126489995637741e+00
2.377995005154646080e+01
-5.650877565557937032e+01

-8.250269565079941358e+00
-4.641898610273870673e+01
-4.413387840129558981e+01
2.453187941781722259e+01
-5.229366481454740700e+00
-5.831683712582919554e+01

-1.237540434761991293e+01
-5.624482114213574846e+01
-6.118818279255556547e+01
1.337789988191414103e+01
5.945765038333922448e+00
-4.332763069402877676e+01

-1.237540434761991293e+01
-4.190163219569426190e+01
-4.722897122326231312e+01
2.766543275571737937e+01
-8.169164313141626721e+00
-6.040100834596827895e+01

-1.237540434761991293e+01
-4.984264972003752803e+01
-3.926583816774380864e+01
2.694278572956125828e+01
-9.837585939470702812e+00
-6.024274313122823798e+01

-1.237540434761991293e+01
-4.184276703023715527e+01
-4.753715750176446875e+01
2.808620173986435375e+01
-8.539245367693839128e+00
-6.041686296334441408e+01

-1.237540434761991293e+01
-4.640099330772932262e+01
-4.287856843941832352e+01
2.753453783095559260e+01
-9.406892541095782434e+00
-6.045269904814924899e+01

-1.237540434761991293e+01
-5.232654407813802777e+01
-3.692164548304449312e+01
2.699445015724371899e+01
-1.069347047286574259e+01
-5.998685003710581043e+01

-1.237540434761991293e+01
-5.964018714693131784e+01
-5.779376359058043278e+01
1.359593520757576890e+01
5.417902433272108631e+00
-4.338757365871090599e+01

-1.237540434761991293e+01
-6.734938189253550433e+01
-5.011586093542231168e+01
1.404023523244303462e+01
4.189630113783970877e+00
-4.255874232015951719e+01

-1.237540434761991293e+01
-4.569335746578852309e+01
-4.344308825127935592e+01
2.740311256063471390e+01
-9.037020948333035264e+00
-6.043768535096197780e+01

-1.237540434761991293e+01
-4.542827517040841201e+01
-4.365978440895968760e+01
-8.488231397114333276e+00
2.749655395241872569e+01
-6.043379798561029048e+01

-1.237540434761991293e+01
-4.877573355727503213e+01
-4.048998660432214791e+01
-8.080529828219086497e+00
2.805299415062066259e+01
-6.031329527191851980e+01

-1.237540434761991293e+01
-3.932489412002859552e+01
-4.972206485822861310e+01
2.769635167324707226e+01
-7.428867864000854304e+00
-6.021096181220128329e+01

-1.237540434761991293e+01
-4.779780831736527347e+01
-4.121328622646453965e+01
2.701988636799394428e+01
-9.289874956028267405e+00
-6.035097218229072524e+01

-1.237540434761991293e+01
-4.948495870007339903e+01
-3.899493140764234766e+01
2.600954788493594450e+01
-8.730379591497165137e+00
-6.015838620276736037e+01

-1.237540434761991293e+01
-5.308832693353286203e+01
-3.624817894259076212e+01
2.701778375101147844e+01
-1.095953729794191212e+01
-5.991062384226586346e+01

-1.237540434761991293e+01
-3.798311269767715714e+01
-5.126062073442965783e+01
2.810340549361848517e+01
-7.439678014315048493e+00
-6.009901830238307952e+01

-1.237540434761991293e+01
-4.137192505989956004e+01
-4.794167811166688864e+01
2.799627178498579383e+01
-8.314516270429214373e+00
-6.038900238876387760e+01

-1.237540434761991293e+01
-5.690107689405211744e+01
-6.052741317924231623e+01
1.342197255425412550e+01
5.844024114308546736e+00
-4.336162762152113714e+01

-1.237540434761991293e+01
-4.490481996338866821e+01
-4.434554360861248767e+01
2.763290132433980872e+01
-9.029050022596669223e+00
-6.046637577631612004e+01

-1.237540434761991293e+01
-4.438266694166628668e+01
-7.308093732436924483e+01
3.202884140030791915e+00
1.429599049520529341e+01
-4.098278285019370770e+01

-1.237540434761991293e+01
-4.626557188812933674e+01
-4.254950171931631075e+01
2.679252550141734091e+01
-8.600151299843043162e+00
-6.039074516216121680e+01

-1.237540434761991293e+01
-4.465652737788668247e+01
-7.280984801656525462e+01
3.263778585436937885e+00
1.427714633499803121e+01
-4.108010749746511436e+01

-1.237540434761991293e+01
-3.817458347694909548e+01
-5.109342804428789719e+01
2.813934359440742128e+01
-7.510166648904279540e+00
-6.012528371345847944e+01

-1.237540434761991293e+01
-3.927010123198637359e+01
-4.993269674801564406e+01
2.797207354714374716e+01
-7.682655311897637063e+00
-6.021930338563215912e+01

-1.237540434761991293e+01
-6.142574788966516763e+01
-5.603414682459369089e+01
1.371477952697834723e+01
5.143533899205949389e+00
-4.332261035293894480e+01

-1.237540434761991293e+01
-4.306440843182646461e+01
-4.597296058430418242e+01
2.741096922172814487e+01
-8.267352390648047944e+00
-6.042512515397412898e+01

-1.237540434761991293e+01
-4.054805494724841708e+01
-4.845872786448677516e+01
2.763566485856406985e+01
-7.770851722981320542e+00
-6.029180258166279316e+01

-1.237540434761991293e+01
-4.957027521070483544e+01
-3.955064798078100097e+01
2.701346918825432653e+01
-9.845895573074528784e+00
-6.025651287303660553e+01

-1.237540434761991293e+01
-4.478837440884531418e+01
-4.437837701382676414e+01
2.750879728995915841e+01
-8.876080331402429024e+00
-6.045777281262945735e+01

-1.237540434761991293e+01
-5.068478004353804778e+01
-3.859417048530407612e+01
2.714103640180572796e+01
-1.032272489334399523e+01
-6.018970686864916075e+01

-1.237540434761991293e+01
-4.289974978474405987e+01
-4.644622977814822207e+01
2.795594717310219579e+01
-8.743752260038929691e+00
-6.045799051481478159e+01

-1.237540434761991293e+01
-4.539613172464989788e+01
-4.376270976500574506e+01
2.744136083235573409e+01
-8.997594431313650887e+00
-6.045134671176113983e+01

-1.237540434761991293e+01
-4.082129109781233467e+01
-4.858729707783849250e+01
2.823463602117921312e+01
-8.372323184908021076e+00
-6.036353376215618738e+01

-1.237540434761991293e+01
-4.563948962461606129e+01
-4.364951512507410314e+01
2.766546469090976856e+01
-9.308721880681799732e+00
-6.045968118196903163e+01

-1.237540434761991293e+01
-4.531690850231980505e+01
-4.378077564509946029e+01
2.733046944118077093e+01
-8.859970649248973373e+00
-6.045377175481853982e+01

-1.237540434761991293e+01
-4.449508985087336299e+01
-4.469785669704805997e+01
2.757883090896838851e+01
-8.860145750288957345e+00
-6.046927289734933453e+01

-1.237540434761991293e+01
-5.121939131716448657e+01
-6.621343262639828708e+01
4.369598423162150524e+00
1.397796379802372968e+01
-4.274944594954175159e+01

-1.237540434761991293e+01
-5.839751420117402603e+01
-5.901023661083024052e+01
1.352081947713606347e+01
5.602432414244364445e+00
-4.338906554014249650e+01

-1.237540434761991293e+01
-5.608577732280039641e+01
-6.132955053510497834e+01
1.336729581142571632e+01
5.969846474942061221e+00
-4.331173671462573793e+01

-1.237540434761991293e+01
-5.702537624178157216e+01
-6.039617355676135446e+01
1.343095771287401163e+01
5.823738917854149655e+00
-4.336103524584130042e+01

-1.237540434761991293e+01
-3.948691145645216238e+01
-4.977191239847005733e+01
2.806963047581430359e+01
-7.829264895783711431e+00
-6.024310772875919184e+01

-1.237540434761991293e+01
-4.668523572603990601e+01
-4.269831490514719974e+01
2.772010271181745367e+01
-9.672052880446896594e+00
-6.045707175932027866e+01

-1.237540434761991293e+01
-6.250185409308748774e+01
-5.494551162992254945e+01
1.377009702847535166e+01
4.968907919222933067e+00
-4.323804354454411936e+01

-1.237540434761991293e+01
-4.202854629919534801e+01
-4.699480730422724406e+01
2.750087066504643118e+01
-8.061572747715509024e+00
-6.037360044147897042e+01

-1.237540434761991293e+01
-3.743700736441785182e+01
-5.181410093526145033e+01
-1.063836906511689584e+01
2.711912209534147422e+01
-6.003574395733796365e+01

-1.237540434761991293e+01
-5.839692553430950994e+01
-5.905201116465000410e+01
1.352144330453121590e+01
5.614272797346569810e+00
-4.339814248623064685e+01

-1.237540434761991293e+01
-6.098216257798304696e+01
-5.647006223000813918e+01
1.368840420249372336e+01
5.208657186874567024e+00
-4.334333236509320386e+01

-1.237540434761991293e+01
-6.499809326517497254e+01
-5.244778057555505768e+01
1.390309833250518956e+01
4.555551099812434224e+00
-4.294534149794628064e+01

-1.237540434761991293e+01
-5.583997990807440459e+01
-6.157983336907923899e+01
5.114370881288550663e+00
1.372410446661959860e+01
-4.329912440074344460e+01

-1.237540434761991293e+01
-4.653447690301030093e+01
-4.259071478725131499e+01
2.731328256829290169e+01
-9.213745194928709026e+00
-6.042162588356464425e+01

-1.237540434761991293e+01
-4.548993778989515846e+01
-4.377871586862585929e+01
2.761428820901521419e+01
-9.204980192130179262e+00
-6.046079618491186380e+01

-1.237540434761991293e+01
-4.512653990107416035e+01
-4.426092304210578021e+01
2.783470504404458978e+01
-9.287626253261482390e+00
-6.049183217386003975e+01

-1.237540434761991293e+01
-4.775914588589680676e+01
-4.150430686581933060e+01
2.741089448583017329e+01
-9.683597768293967789e+00
-6.039586980581208309e+01

-1.237540434761991293e+01
-4.411462891561262722e+01
-4.512204639927819017e+01
2.769382150617056837e+01
-8.846769073143716966e+00
-6.046433797577947900e+01

-1.237540434761991293e+01
-4.261912655888995261e+01
-4.658752506791977055e+01
2.771948993606926592e+01
-8.429795795545677706e+00
-6.043556658419871752e+01

-1.237540434761991293e+01
-4.306269834160512033e+01
-7.443992625154876919e+01
2.981669150268438262e+00
1.434404073542039626e+01
-4.051304770556014034e+01

-1.237540434761991293e+01
-4.279207260172914573e+01
-4.640907320722142515e+01
2.773140296031056096e+01
-8.488905424416753220e+00
-6.042964767667010761e+01

-1.237540434761991293e+01
-3.903389802799429020e+01
-5.021084837674652590e+01
-1.022723368185189941e+01
2.722212841944454098e+01
-6.020483008095386879e+01

-1.237540434761991293e+01
-5.971953761169229580e+01
-5.770123247602582950e+01
1.361094668893955806e+01
5.400345898665426247e+00
-4.339101623659700380e+01

-1.237540434761991293e+01
-4.080623832421626673e+01
-7.670583948890347870e+01
2.577101185925201321e+00
1.441890377676940282e+01
-3.955945636893474671e+01

-1.237540434761991293e+01
-4.400638930883795297e+01
-4.484503674528293971e+01
2.701266428235511441e+01
-8.180168856772473518e+00
-6.042257099449727065e+01

-1.237540434761991293e+01
-4.379373777762366871e+01
-4.553298025213354805e+01
2.781624285980626965e+01
-8.866128975072989249e+00
-6.048230507973982384e+01

-1.237540434761991293e+01
-4.416906419648826443e+01
-4.540962844345953897e+01
2.823535512790109436e+01
-9.400809953936326124e+00
-6.051637907749329770e+01

-1.237540434761991293e+01
-6.171145723518704784e+01
-5.572991592487866797e+01
1.372416367062441189e+01
5.091821285305047518e+00
-4.330072152099700844e+01

-1.237540434761991293e+01
-4.444776640710968252e+01
-7.302515161927254894e+01
3.223502518037927533e+00
1.428006951918219514e+01
-4.100919907434662548e+01

-1.237540434761991293e+01
-4.100038465200567117e+01
-4.813740837042204390e+01
2.776102755415915269e+01
-7.982820099343478581e+00
-6.034194567395458364e+01

-1.237540434761991293e+01
-2.345046777280029815e+01
-6.582871475540319750e+01
-1.375082242124631016e+01
2.560754350085451136e+01
-5.665516922388795251e+01

-1.237540434761991293e+01
-3.977516687416233054e+01
-4.949769256055962785e+01
2.805989634350133954e+01
-7.910784516956851142e+00
-6.027427373336898597e+01

-1.237540434761991293e+01
-4.199549599494157093e+01
-7.546733849301634223e+01
2.795284069580445063e+00
1.437871449888825381e+01
-4.007383081692660198e+01

-1.237540434761991293e+01
-4.978176573973384222e+01
-3.932553503832144060e+01
2.697765870584798620e+01
-9.855101079182949420e+00
-6.023319175632502009e+01

-1.237540434761991293e+01
-5.402423819247574954e+01
-6.339206102524502029e+01
1.322400876959196836e+01
6.288362261563030131e+00
-4.313745721174280590e+01

-1.237540434761991293e+01
-3.167721045884439590e+01
-5.767476485803787511e+01
-1.204346201319286891e+01
2.664631728946626765e+01
-5.907915550228616297e+01

-1.237540434761991293e+01
-3.995115529902278695e+01
-7.756753463602049692e+01
2.416163976904653676e+00
1.443600420886897773e+01
-3.917261807584207389e+01

-1.237540434761991293e+01
-4.809132626140414857e+01
-6.935170990389208612e+01
3.852355627880266642e+00
1.412565300626118159e+01
-4.208378772083636932e+01

-1.237540434761991293e+01
-4.170393104617588875e+01
-4.770391217983492993e+01
2.813479834179166872e+01
-8.542015795349405138e+00
-6.042050388848763021e+01

-1.237540434761991293e+01
-4.328699373487400948e+01
-4.594259953658563944e+01
2.769719050233874924e+01
-8.605181277840124210e+00
-6.045877788476150982e+01

-1.237540434761991293e+01
-4.262024006122834408e+01
-4.676917607895017426e+01
-9.730929988085055271e+00
2.777472031352789017e+01
-6.044242690055210687e+01

-1.237540434761991293e+01
-3.825163951589645706e+01
-5.106369024655559485e+01
2.822215175656699770e+01
-7.604374304333924250e+00
-6.013043979377645343e+01

-1.237540434761991293e+01
-4.360200478249954159e+01
-7.387553275185985058e+01
3.074906458774659956e+00
1.431177592569471990e+01
-4.070005425922546749e+01

-1.237540434761991293e+01
-5.055030025026389495e+01
-3.882619317711344564e+01
2.730796182059415855e+01
-1.043864501938518963e+01
-6.022321602350446312e+01

-1.237540434761991293e+01
-4.801760117884364121e+01
-4.132936162596331542e+01
-8.396867875316052832e+00
2.812763896166175215e+01
-6.037553959462037056e+01

-1.237540434761991293e+01
-6.119431010095925672e+01
-2.907044668502907925e+01
-6.681009601337383863e+00
3.051334457802079925e+01
-5.844731381033437145e+01

-1.237540434761991293e+01
-6.507685655672091229e+01
-5.237848381130871189e+01
1.392005245619242260e+01
4.557969573336701608e+00
-4.295076839752781694e+01

-1.237540434761991293e+01
-4.438994350893497653e+01
-4.496656811527190456e+01
2.786364499319505939e+01
-9.105300950092301449e+00
-6.047976327995043988e+01

-1.237540434761991293e+01
-4.480816428713203692e+01
-7.267168597597000712e+01
3.292933437386932116e+00
1.427351356050844622e+01
-4.113355913770445227e+01

-1.237540434761991293e+01
-4.905358052875048003e+01
-4.026396235924014633e+01
2.736569227884058719e+01
-1.002808048912476835e+01
-6.033862522894584401e+01

-1.237540434761991293e+01
-4.213949220448480304e+01
-7.535258716749309826e+01
2.817557096850812126e+00
1.437781523334655986e+01
-4.012928051220628589e+01

-1.237540434761991293e+01
-3.860302147809110807e+01
-5.078122729101652055e+01
2.832864672994599076e+01
-7.796797872409818808e+00
-6.017859572083503394e+01

-1.237540434761991293e+01
-4.382578323648225904e+01
-7.366935985365903150e+01
3.109590332399610357e+00
1.430564419785368102e+01
-4.078696055187920422e+01

-1.237540434761991293e+01
-6.148544359977663021e+01
-5.596196748705244772e+01
1.371258076573315243e+01
5.129880460689719257e+00
-4.331608421598932779e+01

-1.237540434761991293e+01
-4.648935584666006093e+01
-4.278712388415825529e+01
2.749687522743778700e+01
-9.378836507002551670e+00
-6.044870469028526117e+01

-1.237540434761991293e+01
-4.132855617475016174e+01
-4.778246832706741287e+01
2.766808149444227638e+01
-8.004461396668487438e+00
-6.036031292714407215e+01

-1.237540434761991293e+01
-4.219810945177589900e+01
-7.530017313583715577e+01
-2.829127433929571556e+00
1.436931539765549104e+01
4.017619486162861620e+01

-1.237540434761991293e+01
-5.159953314687702886e+01
-3.792729901337791176e+01
-7.900847628806345391e+00
2.869761441179287331e+01
-6.009041197218110852e+01

-1.237540434761991293e+01
-4.991876815314545013e+01
-3.943150500240633960e+01
-7.966419978484716502e+00
2.825714368059281867e+01
-6.024065729526278545e+01

-1.237540434761991293e+01
-4.735674990132503126e+01
-7.009102355637151049e+01
3.724946556305106515e+00
1.415766727806039427e+01
-4.189885283571051389e+01

-1.237540434761991293e+01
-4.516962790964633001e+01
-4.415555290022510349e+01
2.770025146146481276e+01
-9.171344117866002676e+00
-6.048363336014030978e+01

-1.237540434761991293e+01
-4.507655064460847427e+01
-4.411945026758356647e+01
2.753951977631855641e+01
-8.981994635579040320e+00
-6.045613580107262663e+01

-1.237540434761991293e+01
-4.614659029702414017e+01
-4.287417323581249207e+01
2.714261861307360491e+01
-8.922015029755781867e+00
-6.041651258647503653e+01

-1.237540434761991293e+01
-6.026088401921423809e+01
-5.717281957004839654e+01
1.363764282290139995e+01
5.321246815715235279e+00
-4.337018911029957735e+01

-1.650053913015988272e+01
-4.086625085595662910e+01
-4.625300203438562363e+01
2.982563682799589344e+01
-1.107856306400516111e+01
-6.278113771393519471e+01

-1.650053913015988272e+01
-4.990479220271730298e+01
-3.857064558855370962e+01
3.107154218304556181e+01
-1.544025370206448855e+01
-6.295235539353801357e+01

-1.650053913015988272e+01
-3.955320837637266607e+01
-4.733672579455971885e+01
2.940562962717015694e+01
-1.026907674030366913e+01
-6.268593752009547160e+01

-1.650053913015988272e+01
-4.756511042419336377e+01
-4.093454839534552292e+01
3.138699786767935862e+01
-1.489647106568555479e+01
-6.313005157804284551e+01

-1.650053913015988272e+01
-4.192688318481367560e+01
-4.480002334539091891e+01
2.884788437917940485e+01
-1.045752133223875191e+01
-6.275825727249505093e+01

-1.650053913015988272e+01
-4.656300225420484651e+01
-4.195442632930657112e+01
3.157191047228008429e+01
-1.471286242804474931e+01
-6.316960721991191008e+01

-1.650053913015988272e+01
-4.734217990210586180e+01
-4.093159516954791854e+01
3.105990077546469053e+01
-1.448513148223405267e+01
-6.306802372251221556e+01

-1.650053913015988272e+01
-4.382968719323837803e+01
-4.295405361065781591e+01
2.882196688945518659e+01
-1.104786373535105959e+01
-6.278973848715195061e+01

-1.650053913015988272e+01
-3.399918850892144917e+01
-5.284733787665018667e+01
-1.330169376603896048e+01
2.815105175627758882e+01
-6.207453032110622360e+01

-1.650053913015988272e+01
-4.072142940086231988e+01
-4.563746628057708676e+01
2.829609731979327236e+01
-9.583519860014737546e+00
-6.265816832086786548e+01

-1.650053913015988272e+01
-2.950390466482912899e+01
-5.741971873801267634e+01
-1.433228114110618812e+01
2.764233774366087815e+01
-6.124766442063316418e+01

-1.650053913015988272e+01
-4.110953895616753329e+01
-4.593443248847375315e+01
2.957539953803090427e+01
-1.091825382669130740e+01
-6.279750545275117446e+01

-1.650053913015988272e+01
-4.633118277420147280e+01
-4.065739640194392734e+01
2.900507870809003919e+01
-1.207930344025495728e+01
-6.277506961252718298e+01

-1.650053913015988272e+01
-3.940369012693592055e+01
-4.722690290236403143e+01
2.888210979387809729e+01
-9.693567410991494882e+00
-6.264442171886156530e+01

-1.650053913015988272e+01
-4.594609789862797555e+01
-4.083034745697321455e+01
2.870260654498245145e+01
-1.163623914902711043e+01
-6.272451593980423468e+01

-1.650053913015988272e+01
-3.131796740931888579e+01
-5.579051913683085928e+01
-1.436006278014035686e+01
2.815854058891820699e+01
-6.166313583551672650e+01

-1.650053913015988272e+01
-3.722950425998310919e+01
-4.985339833074998239e+01
-1.298321601581627682e+01
2.880699733983890098e+01
-6.253295800187709830e+01

-1.650053913015988272e+01
-3.697573235947643866e+01
-4.999907365863724351e+01
-1.290845031508298923e+01
2.867701232519073784e+01
-6.246628914981259584e+01

-1.650053913015988272e+01
-4.212132310639441357e+01
-7.900385295646557893e+01
3.168047853063011399e+00
1.333718653678868726e+01
-3.790554427924908509e+01

-1.650053913015988272e+01
-4.372197904386699463e+01
-4.331887839232108206e+01
2.935280437768046724e+01
-1.153827440843007146e+01
-6.284530371909498569e+01

-1.650053913015988272e+01
-4.300947389582945846e+01
-4.361697408411053800e+01
2.861829370325644106e+01
-1.059602549355145484e+01
-6.275780384320393779e+01

-1.650053913015988272e+01
-3.816059404371794272e+01
-4.874284307126010418e+01
2.958856589912922530e+01
-9.977012519782929800e+00
-6.258563514168810826e+01

-1.650053913015988272e+01
-4.516884379225559343e+01
-4.187911762377037661e+01
2.920257475919931878e+01
-1.189159571612899491e+01
-6.284170174758803284e+01

-1.650053913015988272e+01
-3.706005535615540225e+01
-4.966203943062983228e+01
-1.236105866262620445e+01
2.827816351665724781e+01
-6.244008217366395286e+01

-1.650053913015988272e+01
-3.240707529908367235e+01
-5.516864286511142978e+01
1.500546810108769513e+01
2.904367290215648012e+01
6.190323730336341157e+01

-1.650053913015988272e+01
-4.450173659098459211e+01
-4.216684851780074439e+01
-1.058620151437620827e+01
2.890066961762951792e+01
-6.273014206065447951e+01

-1.650053913015988272e+01
-4.747165771032926074e+01
-3.943710608592608935e+01
2.870005317646678478e+01
-1.209258022920608866e+01
-6.269765618745509528e+01

-1.650053913015988272e+01
-4.649398085480205367e+01
-4.200051265506169784e+01
3.156321689152320786e+01
-1.467950675707123409e+01
-6.316541374794929453e+01

-1.650053913015988272e+01
-3.753379638015322683e+01
-4.931611194176883117e+01
2.953507579764064772e+01
-9.761095743253541457e+00
-6.252190016598770228e+01

-1.650053913015988272e+01
-4.033797087482949451e+01
-4.661863237171196772e+01
2.945835944864436584e+01
-1.054159933607888000e+01
-6.275352594499649683e+01

-1.650053913015988272e+01
-4.630546293160589499e+01
-4.045793509553688239e+01
2.858223571959891984e+01
-1.160893772010768643e+01
-6.272057106480363586e+01

-1.650053913015988272e+01
-4.206211902340564279e+01
-7.906492425030251070e+01
-3.156981459045302252e+00
1.334923148684266181e+01
3.787280881722147541e+01

-1.650053913015988272e+01
-3.604814786311338537e+01
-5.080946815901179292e+01
-1.303487606403248655e+01
2.852738133297551215e+01
-6.232269192204643815e+01

-1.650053913015988272e+01
-4.349676527323203601e+01
-4.357556966357031314e+01
2.944188022128226123e+01
-1.155223486823197199e+01
-6.283655117983195026e+01

-1.650053913015988272e+01
-4.369246384600638322e+01
-4.309921824081260411e+01
2.887397937635060430e+01
-1.104035273175279919e+01
-6.278667963387476192e+01

-1.650053913015988272e+01
-4.742788664033944457e+01
-4.113664383010746661e+01
3.154375018065611158e+01
-1.500214425007080798e+01
-6.314980693895360275e+01

-1.650053913015988272e+01
-6.837165317905902384e+01
-5.273667903551773151e+01
1.281060571498077927e+01
-4.899500999785053601e+00
4.139186026956658537e+01

-1.650053913015988272e+01
-3.897225753851282093e+01
-4.767509441206980370e+01
2.905835329755318952e+01
-9.765807290488680792e+00
-6.260291668946453569e+01

-1.650053913015988272e+01
-4.362197962626061098e+01
-4.310482850958147338e+01
2.868545165582074929e+01
-1.084492662047947853e+01
-6.279287532719985876e+01

-1.650053913015988272e+01
-3.912085443869911927e+01
-4.725378710914277036e+01
2.855841561824633246e+01
-9.377853087277928879e+00
-6.257406160346816648e+01

-1.650053913015988272e+01
-3.894843639070395369e+01
-4.823997814201165824e+01
3.006763669794495186e+01
-1.067201594985651347e+01
-6.270930531440497191e+01

-1.650053913015988272e+01
-4.280962516099418025e+01
-4.423199261479796007e+01
2.937407872433872313e+01
-1.124983131088718302e+01
-6.284795249460807298e+01

-1.650053913015988272e+01
-4.239179915401135190e+01
-7.873249485806874759e+01
-3.212181565242019143e+00
1.332955722801596465e+01
3.801951892681052669e+01

-1.650053913015988272e+01
-4.589486369093018681e+01
-4.265565067196221349e+01
3.172686706584498850e+01
-1.461876586736310735e+01
-6.319500532415754890e+01

-1.650053913015988272e+01
-4.296212382499173543e+01
-4.411381941324933109e+01
-1.165197228994349032e+01
2.936520816219083585e+01
-6.284407634555635269e+01

-1.650053913015988272e+01
-6.699679496030699966e+01
-5.409329458529564505e+01
1.271567070158365276e+01
5.109720413349906565e+00
-4.161104127809643671e+01

-1.650053913015988272e+01
-4.285044650982477776e+01
-7.827022577725415431e+01
3.293543592745509674e+00
1.331266109741919834e+01
-3.824187225778531740e+01

-1.650053913015988272e+01
-4.218584671025781319e+01
-4.423792620624011107e+01
2.841222526046972163e+01
-1.014734137892933319e+01
-6.269036609406602878e+01

-1.650053913015988272e+01
-6.653698759449262923e+01
-5.457774904679446593e+01
1.269472609017086917e+01
-5.182249794278971144e+00
4.169684404612740281e+01

-1.650053913015988272e+01
-4.102303438843944861e+01
-4.610504241920388324e+01
2.967426071714150027e+01
-1.096156891449886395e+01
-6.282059080913626303e+01

-1.650053913015988272e+01
-4.334917567151848061e+01
-7.779185451693193443e+01
3.375008926956857280e+00
1.328234896178192592e+01
-3.845904156037937582e+01

-1.650053913015988272e+01
-4.209453928252705168e+01
-4.468867941907929975e+01
2.901213312327514515e+01
-1.069451871749097371e+01
-6.276711853348724901e+01

-1.650053913015988272e+01
-3.460662374840541133e+01
-5.191538022932064678e+01
2.921639460022918300e+01
-8.575525667581519684e+00
-6.212132232103316198e+01

-1.650053913015988272e+01
-4.337254252571155178e+01
-4.319475025636545240e+01
2.851373370060887069e+01
-1.059365793413636503e+01
-6.275018498794860733e+01

-1.650053913015988272e+01
-3.801749499944995137e+01
-4.872837595341552941e+01
2.929444478573076083e+01
-9.697349510981277732e+00
-6.253638506638174022e+01

-1.650053913015988272e+01
-4.395203919430954898e+01
-4.314866284062171786e+01
2.940202775811000890e+01
-1.166688794220471159e+01
-6.285762277971126366e+01

-1.650053913015988272e+01
-4.276760311670295067e+01
-7.836455618898959585e+01
-3.279090851364719672e+00
1.332077164676770131e+01
3.820299139914251896e+01

-1.650053913015988272e+01
-4.737076140946411584e+01
-4.124827520460032559e+01
3.163559911388266244e+01
-1.507296934053067794e+01
-6.316658537842781129e+01

-1.650053913015988272e+01
-4.769282214423648725e+01
-4.069248600264346294e+01
3.119609595711719408e+01
-1.473867951305575907e+01
-6.307832276343573596e+01

-1.650053913015988272e+01
-4.735632659447912829e+01
-4.117200158481136185e+01
3.151001341661773836e+01
-1.494201249327254999e+01
-6.313749051889447372e+01

-1.650053913015988272e+01
-6.833851428089099045e+01
-5.272647710416308087e+01
1.279781007704549722e+01
4.904873676024306128e+00
-4.137353295849389667e+01

-1.650053913015988272e+01
-4.419370753283534725e+01
-4.276620594543805254e+01
2.909949981132677976e+01
-1.141141276249196501e+01
-6.282702047787487487e+01

-1.650053913015988272e+01
-4.404662334790780420e+01
-4.320917644255117551e+01
2.962979983012519369e+01
-1.192259459091213891e+01
-6.290028992147816211e+01

-1.650053913015988272e+01
-4.330260527111322943e+01
-4.360046791986378167e+01
2.912637525747799572e+01
-1.115591577520167199e+01
-6.279981807583717313e+01

-1.650053913015988272e+01
-4.127605327662732293e+01
-4.535419987966275812e+01
2.872187379183877098e+01
-1.014462411496780092e+01
-6.271233264024388632e+01

-1.650053913015988272e+01
-3.937108298166975118e+01
-4.712332895778951070e+01
2.867053407993471836e+01
-9.529845450472006263e+00
-6.260882596379899212e+01

-1.650053913015988272e+01
-4.347516164007241457e+01
-4.320462992300007699e+01
-1.076873718991868323e+01
2.877712333507086129e+01
-6.273993747155542167e+01

-1.650053913015988272e+01
-3.059403495888042812e+01
-5.664309109344381454e+01
-1.483428691649960030e+01
2.830012614374174973e+01
-6.152252486867656245e+01

-1.650053913015988272e+01
-4.539482212833850383e+01
-4.171639587304703412e+01
2.925250068052843133e+01
-1.197826757837466083e+01
-6.283537207416682691e+01

-1.650053913015988272e+01
-4.760033003353858305e+01
-3.929651605262721858e+01
2.867487948113375751e+01
-1.212380707797577806e+01
-6.267208706310933053e+01

-1.650053913015988272e+01
-3.623442043662415557e+01
-5.044145923479155158e+01
-1.235874966854152213e+01
2.803875612894333713e+01
-6.236690640073968694e+01

-1.650053913015988272e+01
-4.057904699862825026e+01
-4.630517934191999530e+01
2.933855703090319267e+01
-1.051486127187829567e+01
-6.273953705777666556e+01

-1.650053913015988272e+01
-4.280985346965184846e+01
-4.425983948654619127e+01
2.943513179989259854e+01
-1.132015269668977275e+01
-6.285185243541514666e+01

-1.650053913015988272e+01
-4.727756922863932232e+01
-3.957594702398701259e+01
2.866974418156811311e+01
-1.202584049967893698e+01
-6.268446778513314399e+01

-1.650053913015988272e+01
-4.284178856885210251e+01
-4.370513232883565280e+01
2.837584225249338132e+01
-1.029185106229088653e+01
-6.275822976481465076e+01

-1.650053913015988272e+01
-6.604076928897397636e+01
-5.504823409800979306e+01
1.266228968872857585e+01
5.264945727766844108e+00
-4.176239702832952361e+01

-1.650053913015988272e+01
-3.939172981623567438e+01
-4.736865938744649895e+01
2.911407123683695986e+01
-9.934243254450072058e+00
-6.266497525954365244e+01

-1.650053913015988272e+01
-4.579843638569548148e+01
-4.107494886898109598e+01
2.882460660346506742e+01
-1.167745217611593311e+01
-6.277259722068308179e+01

-1.650053913015988272e+01
-4.283312464429772604e+01
-4.362824194734314887e+01
2.834389665962348914e+01
-1.027991135537944523e+01
-6.272749436929689182e+01

-1.650053913015988272e+01
-4.092869995351221490e+01
-4.725547398466246563e+01
3.159450000762425859e+01
-1.271784430728609117e+01
-6.304241152114300917e+01

-1.650053913015988272e+01
-4.268729835386907467e+01
-7.842378851955452035e+01
1.069163625906823611e+01
8.615553914150586579e+00
-3.816925915360994281e+01

-1.650053913015988272e+01
-4.703205264077988090e+01
-4.142641282260508007e+01
3.138700816391973447e+01
-1.468721932785413387e+01
-6.313751305007681935e+01

-1.650053913015988272e+01
-6.646947540841637192e+01
-5.464179315251507774e+01
1.269417725725960544e+01
5.204703321413466810e+00
-4.171211843218686255e+01

-1.650053913015988272e+01
-4.009642079260549252e+01
-4.633457185144028756e+01
2.861622782521322961e+01
-9.674724766896821038e+00
-6.262538380817395733e+01

-1.650053913015988272e+01
-4.289630273267156468e+01
-7.822165915429593497e+01
3.296879539189377262e+00
1.331484017441345458e+01
-3.826648856154822198e+01

-1.650053913015988272e+01
-3.893402444239752924e+01
-4.805800467059417258e+01
2.967739709511945989e+01
-1.030874719043998589e+01
-6.265417330384008210e+01

-1.650053913015988272e+01
-5.067523186836650950e+01
-3.771531026614491111e+01
3.084094882536902915e+01
-1.548743457859970007e+01
-6.284944714195249560e+01

-1.650053913015988272e+01
-5.208481985730279007e+01
-3.699853887270052866e+01
3.178610852923188901e+01
-1.703492261681789799e+01
-6.292431227352336975e+01

-1.650053913015988272e+01
-3.997770694539001823e+01
-4.684514968208393526e+01
2.927865364881758836e+01
-1.027929651485642104e+01
-6.269426045805894887e+01

-1.650053913015988272e+01
-5.212267093249311500e+01
-3.738630542232358067e+01
3.247261302453244980e+01
-1.780123465296816576e+01
-6.306780855942116659e+01

-1.650053913015988272e+01
-4.169781348673714660e+01
-4.447885206725648999e+01
-1.021947743183541668e+01
2.779882098629850162e+01
-6.263803022229062378e+01

-1.650053913015988272e+01
-4.056851538973130999e+01
-4.621880879838678169e+01
2.914421162240644492e+01
-1.032409910335848835e+01
-6.271679018738775113e+01

-1.650053913015988272e+01
-4.663664544806044177e+01
-4.017785923688721539e+01
-1.029872607588250233e+01
2.927333850582456520e+01
-6.269912372228274933e+01

-1.650053913015988272e+01
-4.316742017322308556e+01
-7.799832583551072673e+01
3.344056606525695141e+00
1.329754549029133948e+01
-3.838535420183727354e+01

-1.650053913015988272e+01
-6.880510735793015442e+01
-5.229081497175013027e+01
7.263021995415061660e+00
1.164003006215068403e+01
-4.131490053556552056e+01

-1.650053913015988272e+01
-5.228151345037017705e+01
-3.620262161533946710e+01
3.078635537112399589e+01
-1.604451238919212841e+01
-6.269770534305300913e+01

-1.650053913015988272e+01
-3.901584778245302232e+01
-4.834702745386618261e+01
3.033871755872696241e+01
-1.093335973813212725e+01
-6.274348050770983320e+01

-1.650053913015988272e+01
-4.523650692701421150e+01
-4.168250037369611505e+01
2.898759347698383593e+01
-1.168055621146744194e+01
-6.279051897145903638e+01

-1.650053913015988272e+01
-6.540317979277544680e+01
-5.568744839320464735e+01
1.261430574595450160e+01
-5.357919531007104830e+00
4.183840750361637362e+01

-1.650053913015988272e+01
-6.640312004694843040e+01
-5.466553923878255006e+01
1.268436997588907644e+01
5.196704166083480736e+00
-4.172177864603744979e+01

-2.062567391269985606e+01
-3.497491931706460377e+01
-5.092704370634181288e+01
3.366296376000155988e+01
-1.374540158754076913e+01
-6.522552520534945586e+01

-2.062567391269985606e+01
-3.427038917743266921e+01
-5.204486835645344911e+01
-1.872190966277064206e+01
3.226019297748661074e+01
-6.524246190614219643e+01

-2.062567391269985606e+01
-5.269069441627088679e+01
-3.681032870352915864e+01
3.715753994085201839e+01
-2.422142208496564564e+01
-6.649528129589516823e+01

-2.062567391269985606e+01
-4.090079153024733216e+01
-4.511588400211214633e+01
3.318030935171071150e+01
-1.540600649385682175e+01
-6.572397260150607678e+01

-2.062567391269985606e+01
-4.341536241159303700e+01
-4.270643438135532932e+01
3.285787470747300887e+01
-1.600052271162043738e+01
-6.580635340962150792e+01

-2.062567391269985606e+01
-2.040114068334094455e+01
-6.794809100482731878e+01
-2.637536655857801549e+01
3.247975178499237359e+01
-6.215896715828925068e+01

-2.062567391269985606e+01
-4.170420276844647134e+01
-4.417325373567081215e+01
3.285989997473895130e+01
-1.542320519119493483e+01
-6.570067227961605738e+01

-2.062567391269985606e+01
-4.734399458734975497e+01
-3.996844870194984622e+01
3.455406414237913992e+01
1.923317892124135042e+01
6.607838282855874468e+01

-2.062567391269985606e+01
-3.689548047062356062e+01
-4.922390067375770428e+01
1.769593458416998644e+01
3.234677844390948565e+01
6.548919244741212253e+01

-2.062567391269985606e+01
-4.088494309434531004e+01
-4.504930453382770850e+01
-1.632473451501606121e+01
3.256537130331378904e+01
-6.568771148662325743e+01

-2.062567391269985606e+01
-3.681195796829964451e+01
-4.920956782120284601e+01
3.367094033226640448e+01
1.438920777424726438e+01
6.545728122683159711e+01

-2.062567391269985606e+01
-2.867319176752087273e+01
-5.748555021949122334e+01
1.973765268694584307e+01
3.116633838146018221e+01
6.420417185715105290e+01

-2.062567391269985606e+01
-2.239127903274951592e+01
-6.409906405863839041e+01
2.190605383938307682e+01
3.054280660060297592e+01
6.252847598363042181e+01

-2.062567391269985606e+01
-4.755634076933436205e+01
-3.945410119946596694e+01
3.400948491274424867e+01
-1.877059184863020747e+01
-6.595797554809983865e+01

-2.062567391269985606e+01
-5.302912025476961588e+01
-3.706968303562440781e+01
3.801428039985537310e+01
2.526878156056701741e+01
6.671747899149838190e+01

-2.062567391269985606e+01
-3.176173743879040501e+01
-5.462421135153454088e+01
-1.946639643240918005e+01
3.198249892887775658e+01
-6.486818747140202390e+01

-2.062567391269985606e+01
-4.135454284795599023e+01
-4.502198432289549146e+01
3.372396417411945180e+01
1.607653848370478400e+01
6.583999381440146692e+01

-2.062567391269985606e+01
-5.081667393314283032e+01
-3.663911423715950377e+01
3.422888874773534695e+01
2.032754824045267839e+01
6.585664634182488442e+01

-2.062567391269985606e+01
-4.410679026092859090e+01
-4.188975514160471647e+01
3.272722596174352816e+01
1.616180325805063234e+01
6.574461796931012714e+01

-2.062567391269985606e+01
-3.697807715967746134e+01
-4.913371274004265388e+01
3.380241872288853244e+01
-1.457201048216030337e+01
-6.550294537823685914e+01

-2.062567391269985606e+01
-5.017166451333319799e+01
-3.725618057474209621e+01
3.425939657198456700e+01
2.008319850071589130e+01
6.591275921561788209e+01

-2.062567391269985606e+01
-3.666614608342866433e+01
-4.950965176213986751e+01
3.397379913511534255e+01
-1.460620771806933682e+01
-6.548176584338773409e+01

-2.062567391269985606e+01
-5.298657717711356696e+01
-3.587781162000829482e+01
3.612858525028192247e+01
2.329011257937956358e+01
6.618157856399874106e+01

-2.062567391269985606e+01
-2.425443434640869000e+01
-6.326975745040324028e+01
2.365893099713639458e+01
3.224285388784081618e+01
6.331475996615782265e+01

-2.062567391269985606e+01
-5.290318825667735325e+01
-3.683804957974901129e+01
3.748020163588142850e+01
-2.465144502841136642e+01
-6.657465712246658995e+01

-2.062567391269985606e+01
-3.459085305944527988e+01
-5.169350830421532095e+01
-1.857892807010885150e+01
3.226724447360366099e+01
-6.527497276978110108e+01

-2.062567391269985606e+01
-5.070325635181066559e+01
-3.736434313206589053e+01
3.524345194992591956e+01
2.133733411927334700e+01
6.611076130565534470e+01

-2.062567391269985606e+01
-5.187624786809087851e+01
-3.718544246789205232e+01
3.661964233078373354e+01
-2.328708513312221129e+01
-6.639957230325367732e+01

-2.062567391269985606e+01
-5.216730736621376252e+01
-3.682436999625443974e+01
3.646113142854822797e+01
-2.326080046261137824e+01
-6.633712282876665256e+01

-2.062567391269985606e+01
-3.912196360909195647e+01
-4.727168719782321915e+01
1.765147357055203869e+01
3.304855464017295219e+01
6.574613982363811715e+01

-2.062567391269985606e+01
-4.421556532623768021e+01
-4.176224505269924947e+01
1.557059909345420579e+01
3.305762305049886152e+01
6.572100857541344965e+01

-2.062567391269985606e+01
-4.771041320964463495e+01
-3.957971921309782459e+01
3.445092085591328868e+01
-1.926711839480901389e+01
-6.605063667327792132e+01

-2.062567391269985606e+01
-3.474740761422995661e+01
-5.139287910755211186e+01
1.821053920221811495e+01
3.204034517797914816e+01
6.525645263391591300e+01

-2.062567391269985606e+01
-3.290887926204226943e+01
-5.349452424194387135e+01
1.920758751943849063e+01
3.217131305044924261e+01
6.506680397867208399e+01

-2.062567391269985606e+01
-4.157360144362957755e+01
-4.456936993504666589e+01
3.332929472197682941e+01
-1.580240758663722289e+01
-6.577411837908637438e+01

-2.062567391269985606e+01
-4.470471938663320088e+01
-4.114278925659241537e+01
3.241479642665726857e+01
-1.606623890131701060e+01
-6.567960974297731980e+01

-2.062567391269985606e+01
-3.449006629064828644e+01
-5.169830357806244336e+01
-1.839085925912762676e+01
3.209443244599471257e+01
-6.523933026056694473e+01

-2.062567391269985606e+01
-4.441269271662194029e+01
-4.196615182252935483e+01
-1.625987627039557282e+01
3.371016481519524177e+01
-6.584865594625428287e+01

-2.062567391269985606e+01
-3.224583218573529564e+01
-5.363956872540543230e+01
-1.828864595175946661e+01
3.128288537962263760e+01
-6.484026607897615690e+01

-2.062567391269985606e+01
-4.955692850606468625e+01
-3.648805207157979424e+01
-1.437883385960838645e+01
3.381802740194389401e+01
-6.542049873730849185e+01

-2.062567391269985606e+01
-5.097093217192080772e+01
-3.695534865267680402e+01
3.497843057270562639e+01
2.118015673704188728e+01
6.602506195386506249e+01

-2.062567391269985606e+01
-4.495859115879591883e+01
-4.130183547229589180e+01
-1.593431339785356116e+01
3.360843669036697889e+01
-6.579595012255273900e+01

-2.062567391269985606e+01
-3.906648628224129993e+01
-4.675443618185892092e+01
-1.658914711329276770e+01
3.219184435651303033e+01
-6.556425651158531309e+01

-2.062567391269985606e+01
-4.497674178790220623e+01
-4.234087416663148673e+01
3.487686697287612247e+01
-1.858337038310056855e+01
-6.616995037415401271e+01

-2.062567391269985606e+01
-4.827046196351079743e+01
-3.791375959894380543e+01
-1.494519922249124377e+01
3.388083385375548318e+01
-6.559014715620484992e+01

-2.062567391269985606e+01
-4.208937013394907467e+01
-4.395621819901941763e+01
-1.622577000025815508e+01
3.289475028980677962e+01
-6.574295130180600211e+01

-2.062567391269985606e+01
-4.447277862837889728e+01
-4.169732692923992090e+01
1.589358050270230649e+01
3.340737844898630726e+01
6.577519417125168388e+01

-2.062567391269985606e+01
-2.080143793055310653e+01
-6.656582023209580257e+01
-2.416400078238052274e+01
3.134351264356224931e+01
-6.212769666519235301e+01

-2.062567391269985606e+01
-4.713141509884697200e+01
-3.924805447776436296e+01
3.301176808639417715e+01
-1.759783167820281236e+01
-6.575596408289717942e+01

-2.062567391269985606e+01
-4.837589886236512626e+01
-3.872902848778293361e+01
3.404706601529053955e+01
1.913966795848333291e+01
6.593882539072421878e+01

-2.062567391269985606e+01
-4.478532707609752350e+01
-4.132075094619216316e+01
3.282429791042313383e+01
1.650445215236049279e+01
6.576406340616165380e+01

-2.062567391269985606e+01
-3.599017334124850720e+01
-5.008959740387253134e+01
3.394043018513443855e+01
-1.433146145979955577e+01
-6.537886948213244409e+01

-2.062567391269985606e+01
-4.218802029765495121e+01
-4.383804581476310602e+01
3.300909288754328230e+01
-1.571977535144534244e+01
-6.575273519891655383e+01

-2.062567391269985606e+01
-5.145267213884962842e+01
-3.527545006054114651e+01
-1.510908682797159663e+01
3.518136159670456209e+01
-6.547150077085235864e+01

-2.062567391269985606e+01
-3.388761045680013240e+01
-5.202063724948042278e+01
3.373258382848757009e+01
-1.342614880821924928e+01
-6.509662961041027529e+01

-2.062567391269985606e+01
-3.465238936226962352e+01
-5.113302061287817679e+01
3.344704400634093844e+01
-1.343179932911614749e+01
-6.516213107750718336e+01

-2.062567391269985606e+01
-3.833192172386462460e+01
-4.802067794913186560e+01
-1.776714671524423750e+01
3.287572806153355742e+01
-6.567759270420229711e+01

-2.062567391269985606e+01
-3.373333477914241030e+01
-5.115266013128548650e+01
1.589982140504585395e+01
2.998687194982244364e+01
6.482802061106799840e+01

-2.062567391269985606e+01
-4.171316040431591432e+01
-4.454645791293637558e+01
3.350168344805669562e+01
1.601165641593927091e+01
6.581703976144925150e+01

-2.062567391269985606e+01
-4.138400078343798327e+01
-4.454294695675933013e+01
-1.626398927323831600e+01
3.269056617692864108e+01
-6.569445535507222189e+01

-2.062567391269985606e+01
-4.354867736392334621e+01
-4.287800305204073936e+01
3.355254608518225723e+01
1.675251313867326175e+01
6.588749855623949259e+01

-2.062567391269985606e+01
-3.269322672785946082e+01
-5.386909697453953072e+01
1.960257032404109623e+01
3.239199754012989985e+01
6.506683787811334696e+01

-2.062567391269985606e+01
-3.739555613131230416e+01
-4.873653501389880205e+01
3.372346419931625405e+01
1.463617895554695814e+01
6.554969445325924937e+01

-2.062567391269985606e+01
-2.667210857078542574e+01
-5.972138035377358278e+01
2.074062675182026894e+01
3.118240300330930026e+01
6.377100177863116670e+01

-2.062567391269985606e+01
-2.072868347544618928e+01
-6.682598656518710811e+01
2.458663951915204393e+01
3.157127182707272439e+01
6.213327646054366937e+01

-2.062567391269985606e+01
-3.926242254847871038e+01
-4.702404847720851677e+01
-1.742795147662577904e+01
3.292263627036473395e+01
-6.571469730521010888e+01

-2.062567391269985606e+01
-5.344805974626909517e+01
-3.655124896542282897e+01
3.777592005118694374e+01
2.522328241642825475e+01
6.662268883726513025e+01

-2.062567391269985606e+01
-3.753436505139524826e+01
-4.754718158626983637e+01
3.193728594429605749e+01
-1.309758376771599941e+01
-6.526643560988284776e+01

-2.062567391269985606e+01
-5.325902047084936441e+01
-3.617512897761158541e+01
3.694290549730599338e+01
-2.426006070595722974e+01
-6.639596567366703539e+01

-2.062567391269985606e+01
-2.544895782247072802e+01
-6.054923025864013653e+01
-2.016527851404198657e+01
3.042720636771559128e+01
-6.336720055862716805e+01

-2.062567391269985606e+01
-3.795618557225507317e+01
-4.845582514228517823e+01
-1.795983342183672349e+01
3.290189636164525666e+01
-6.566996618677241315e+01

-2.062567391269985606e+01
-2.109705266774214749e+01
-6.650156036942561855e+01
2.461756475155362267e+01
3.172225200139032708e+01
6.227364073182096860e+01

-2.062567391269985606e+01
-4.374587198702071333e+01
-4.291587241605888892e+01
3.396736249414691144e+01
-1.722568008720602251e+01
-6.596018381368364203e+01

-2.062567391269985606e+01
-3.287630935068794713e+01
-5.288860663133390005e+01
1.785777202324752011e+01
3.117823167208240420e+01
6.491263668509182594e+01

-2.062567391269985606e+01
-5.048706331636109468e+01
-3.719833926728561835e+01
3.467232067370071746e+01
2.066468558379525078e+01
6.597850405613411340e+01

-2.062567391269985606e+01
-2.182038287171143054e+01
-6.532180067378664035e+01
2.344288445531918796e+01
3.126759897073209515e+01
6.245166176604117680e+01

-2.062567391269985606e+01
-3.115102643826391215e+01
-5.404585769496443248e+01
-1.707985178553499495e+01
3.009954995218895490e+01
-6.449069670472719906e+01

-2.062567391269985606e+01
-4.963180269900561115e+01
-3.818359090233659003e+01
3.501500279661992465e+01
2.064322119692326751e+01
6.610968940337399147e+01

-2.062567391269985606e+01
-4.026215264612439171e+01
-4.561769549593645934e+01
1.639972612569532373e+01
3.242121719938153035e+01
6.564726755498941202e+01

-2.062567391269985606e+01
-4.075884080411226762e+01
-4.553338543140907291e+01
3.370369080039976240e+01
1.585678922048434991e+01
6.579483966041364340e+01

-2.062567391269985606e+01
-4.415959940015014951e+01
-4.182786655778630092e+01
3.272773832352712020e+01
-1.617705115720420750e+01
-6.573439161287996058e+01

-2.062567391269985606e+01
-2.924718253081740826e+01
-5.709155564890307488e+01
-1.996111614285255698e+01
3.150508687340765590e+01
-6.437309403324172763e+01

-2.062567391269985606e+01
-3.443902188101090900e+01
-5.167652003045564868e+01
3.415075444376149960e+01
-1.396856580716914920e+01
-6.520812807245069109e+01

-2.062567391269985606e+01
-4.303425569822609020e+01
-4.331464925976069935e+01
3.349353142693585283e+01
-1.650138855932773296e+01
-6.586106671578293970e+01

-2.062567391269985606e+01
-4.972526826835311908e+01
-3.827505897018517089e+01
3.531004801194281129e+01
2.098620014321380722e+01
6.617331754498628982e+01

-2.062567391269985606e+01
-4.701655635399342970e+01
-4.009685742138586306e+01
3.425514686829086486e+01
-1.879492793743008860e+01
-6.602641950087505052e+01

-2.062567391269985606e+01
-4.546668893975718362e+01
-4.052574642136141847e+01
-1.528627344450568160e+01
3.321482261547773618e+01
-6.569141052445056062e+01

-2.062567391269985606e+01
-4.204121773887455760e+01
-4.427124626617040803e+01
3.359430066690914174e+01
1.622499285342356856e+01
6.582678571452426297e+01

-2.062567391269985606e+01
-4.691037551216251700e+01
-4.050795653182235867e+01
3.480511601312097270e+01
1.929979019315548072e+01
6.613600253049129662e+01

-2.062567391269985606e+01
-2.553231503327825891e+01
-6.057441536946450356e+01
-2.038397473137257165e+01
3.059751027208102059e+01
-6.340853845884115003e+01

-2.062567391269985606e+01
-4.743210840460280764e+01
-3.884271796380107844e+01
3.278025012929757764e+01
1.745965497456848681e+01
6.570071913290072985e+01

-2.062567391269985606e+01
-3.645859538353160900e+01
-4.979246300408075854e+01
1.809338025915991111e+01
3.250521988907319582e+01
6.548169022714677112e+01

-2.062567391269985606e+01
-4.317744741989878321e+01
-4.283909088627342499e+01
1.596897139815514599e+01
3.303159713417515775e+01
6.574097716660710944e+01

-2.062567391269985606e+01
-2.942591540512369619e+01
-5.640108828446864209e+01
-1.888712014283473906e+01
3.082188619174421973e+01
-6.429791340610859152e+01

-2.062567391269985606e+01
-3.961385067252722081e+01
-4.631734744948949611e+01
3.314801331148299823e+01
1.491070050569721950e+01
6.563999716329396961e+01

-2.062567391269985606e+01
-4.265792935942421593e+01
-4.366153795458960474e+01
3.352246469551441521e+01
-1.637384074249126797e+01
-6.585104098766649372e+01

-2.062567391269985606e+01
-4.507218849311973230e+01
-4.108171505872775242e+01
3.295379047663627858e+01
1.675526316820301176e+01
6.576776322152407772e+01

-2.062567391269985606e+01
-2.478953518187065086e+01
-6.176419297517478668e+01
-2.152799831224313110e+01
3.109023052653840580e+01
-6.328289116388192070e+01

-2.062567391269985606e+01
-5.018919894478953836e+01
-3.782462185399612764e+01
3.525491698291779841e+01
-2.112814672331970201e+01
-6.613661037352109417e+01

-2.062567391269985606e+01
-2.435527315951397398e+01
-6.199125833386126061e+01
2.119593368028642999e+01
3.072775369081074359e+01
6.311625235372846277e+01

