1.209833214030604953e+00
-5.525901384633466051e+01
-3.453084067840964622e+01
5.843405821407815282e+00
1.712348254781668899e+01
-5.578294131036062709e+01

1.481891184350063817e+01
5.046427311530969462e+01
4.547150163940482770e+01
2.317106847353735333e+01
4.174599579176455677e+01
-6.419561389074924307e+01

-6.674537651974316255e+00
-5.469589876202305589e+01
-3.620181194990095719e+01
-2.290534913944922479e+01
-5.168009166694982781e+00
5.696929021212081068e+01

2.914167080698171652e+00
4.219133197014948422e+01
4.859764214047903153e+01
2.002814271931127976e+01
1.384570300517751873e+00
5.665374230608158257e+01

3.169736723052915539e-01
-5.075037000550353383e+01
-3.932333636394461962e+01
1.815267707388176177e+01
2.691720721926966764e+00
-5.636626505064484860e+01

-1.663181182326218561e+02
-5.552011877864912037e+01
-8.933222543810053651e+01
1.755116958769981750e+02
-1.679496198081286593e+02
-2.381946851821022051e+02

1.786674643227278980e-01
-2.138378329402576128e+01
-6.880259469930091143e+01
1.693061710005395071e+01
-7.295715427843517453e+00
5.146248736349226505e+01

-1.550970967175466519e+01
-1.955401368783531524e+01
-7.060567676815693972e+01
-2.198155364447277194e+01
2.925987786906610211e+01
-5.749881231500440748e+01

-1.378290083052971760e+01
4.269917346307400408e+01
3.962443152933523294e+01
1.532669975184408884e+01
9.370701782737629770e+00
6.103307244471000104e+01

1.179242303132701952e+00
-5.282327871312597978e+01
-3.700935259628770524e+01
-5.450772774065612225e+00
1.727944107881027591e+01
5.618285883927845248e+01

2.902035985362322990e+01
1.809216342616284834e+01
7.381331958223532297e+01
4.494258750200385322e+01
-4.298584926390973493e+01
7.047536722653296692e+01

1.436890450229368525e+02
-1.161958615402960326e+01
-1.116501910358715399e+01
-3.781131361054249140e+01
3.708644345760198036e+01
1.640584829202063020e+02

6.928121093119330887e+00
-2.646924900849216300e+01
-6.050862945438797880e+01
-1.457876239598064494e+01
9.578254410983346290e+00
5.560932746260793635e+01

4.372158209574342891e+01
-4.864330206326020090e+01
-1.313582815809766835e+01
1.914847311241237193e+01
1.331735778124838809e+01
-7.737355196914721489e+01

-5.248908593984356941e+01
-1.245086071006081596e+01
6.915937896184668432e+01
1.177979862466001926e+01
2.226826457430486172e+01
7.534362617149091079e+01

-2.852158157146524431e+00
3.487496706922000556e+01
5.426940527705814077e+01
-3.831884034428532093e+00
1.729850376202155360e+01
-5.617101889905992351e+01

2.227290994093302778e-01
4.147252003310983071e+01
4.878753033863968369e+01
2.591745846153790556e+00
-1.840750382564388232e+01
-5.649918115679471242e+01

-2.577599379324365358e+01
1.625962787339616256e+01
5.739993789043858641e+01
1.357873935629468320e+01
-1.446413492811910473e+01
-6.445631540271821791e+01

6.998863325922847878e+00
5.973186896881686891e+01
3.117066076685955878e+01
7.802129422938695047e-01
2.397618399413225276e+01
-5.600415870858177669e+01

1.565863064394056181e+01
4.299222859602531344e+01
4.512510618762642878e+01
-1.253113469902127264e+01
-3.013290534476130489e+01
-6.244277663242701948e+01

8.347936187452361878e+00
-5.531824645643003890e+01
-3.078304787954074229e+01
-1.633874565806615564e+01
-6.181606075061445438e+00
-5.739701190836859013e+01

-6.864803280092609761e+00
5.028293408581569679e+01
3.672694989747355976e+01
-1.623401824744567179e+01
6.345462778128012182e+00
-5.773532962300287608e+01

-1.161359982589126503e+02
1.345043081508135074e+01
1.631054846715951356e+01
-3.196083715376535395e+01
-3.145845331871558059e+01
1.387824718365426122e+02

-1.406963831871660489e+02
-2.742979988483576292e+01
5.426795220472064329e+01
-2.629845851748589425e+01
-3.332552880980063037e+01
1.548862968841816610e+02

-9.260808425497151219e+00
4.039844756451390850e+01
4.506019257693534286e+01
7.886990919995374938e+00
-1.565440548658541964e+01
-5.897220869105801455e+01

-7.528327294449066009e+00
3.220970681131403524e+01
5.437922052001687234e+01
6.015163434131482134e+00
1.637739533569830641e+01
5.729328235942941916e+01

7.363627971712418230e+00
-4.412365385594770117e+01
-4.253495061141533284e+01
-1.579807960855232807e+01
-7.374871298629376959e+00
-5.827627021798286933e+01

-7.683128995169874997e+01
4.605517344457187789e+01
-1.169423153729461262e+00
-2.468376957269771665e+01
-1.848773718894843299e+01
1.019122291735193784e+02

-3.690474996609148572e+00
5.619830572564922022e+01
3.255796474739599944e+01
-1.710409595579874420e+01
-4.021013900978271494e+00
5.599776674550516731e+01

-3.685493341044642435e+00
-6.439964470564827081e+01
-4.886190906637125408e+01
-3.945159010510134401e+00
1.808770563406660159e+01
4.461534406050315482e+01

2.021865263183225458e+00
-5.193961807374823536e+01
-3.758337631455638217e+01
5.870610689287295791e+00
-1.690221007422309896e+01
5.640801792896876776e+01

-9.847451661267621503e+00
6.581611646802177518e+01
5.773278844245351848e+01
3.439666171407063189e+01
1.425479551963641178e+01
-4.509843849373389446e+01

-9.171387245190445014e+00
-6.057753399741600475e+01
-5.461315409315336211e+01
1.501949943606681614e+01
-4.324189227824524195e+00
4.417292067876412887e+01

-2.298266349465576397e+01
-5.393237314702970053e+01
-3.663835659787157084e+01
4.103287660448963692e+01
2.951375077568028971e+01
6.897299471654800129e+01

4.320670442218750296e+00
5.794547798585394105e+01
3.300771619921603417e+01
-1.698795381196108067e+00
-2.117177906650728403e+01
5.560991974690581685e+01

9.547486778163648324e+00
-3.931170992023737654e+01
-4.595203449465494572e+01
-7.854475617547119981e+00
1.569225910521147860e+01
5.903902041939383594e+01

5.669696960238435679e+01
-7.484686983535370075e+01
-1.589736423710372151e+02
1.266408919679528253e+02
3.548720618059968501e+01
3.868970482423425494e+01

-7.804731532286186990e+00
4.440230932280132947e+01
4.200658607814343526e+01
1.575919829228520008e+01
-7.498353836235398084e+00
-5.844709775735353219e+01

-8.514662822378758378e+00
1.927179049712786707e+01
6.674526637749544022e+01
4.535054095607761404e+00
1.688108206421068402e+01
5.373656835109829188e+01

3.237416070949872715e+00
4.284702128396012455e+01
4.798098994181248145e+01
2.320102290671401113e-02
2.032723220319912016e+01
5.671635548507268965e+01

7.516934558777245456e+01
3.064394152853892095e+01
6.228125852163217502e+01
8.817100125983891701e+01
6.888432596933940033e+01
-1.208222533167271706e+02

1.713217501178521340e+00
-4.084368988734294703e+01
-7.395663796843467708e+01
-6.570219317627493893e+00
-2.294726964042147443e+01
4.240284377700620411e+01

-6.531327939449610653e+01
1.702057346210507376e+02
9.727791782771321039e+01
6.565334672679365724e+01
1.465051256891024991e+02
-5.477439608353865452e+01

-5.570117829827409395e+01
1.560106112071600535e+02
8.790698722199077508e+01
6.006812381812535051e+01
-1.336983438285998602e+02
5.356671812864295390e+01

-9.919731524593355232e+01
4.622617488586279677e+01
-9.697364318908730851e+00
2.894831019074243272e+01
2.210753356644739043e+01
1.202452033371312723e+02

1.737413869593819715e+00
5.061460594886221287e+01
3.997915582638451326e+01
-1.925643204616851989e+01
1.034379370617332095e+00
-5.640568410021296586e+01

4.434844258210488555e+00
-5.408228661363465051e+01
-3.428652729516142728e+01
-7.553739205203759965e+00
1.581830792936380981e+01
5.650196792775010124e+01

-1.231255135014155044e+01
5.345734984781636712e+01
2.994150029259123968e+01
-1.606979842387916335e+01
7.616343038144392175e+00
-5.921417508983331146e+01

-3.396603849473470405e+01
5.045988570639052284e+01
1.753763606694225885e+01
-1.547512975844100680e+01
1.473024614658865872e+01
-7.090471706859628398e+01

-7.682382156280954000e+00
3.898029032208972211e+01
4.751006004033929742e+01
1.541452425771892365e+01
-8.174642216406972750e+00
-5.824612187053737244e+01

7.698216015897289211e+00
4.585293565079987133e+01
4.501572544376607254e+01
-4.608486592799955872e+00
-2.444892728550241046e+01
-5.807448715078906787e+01

-8.911966403508758106e+01
2.345449578479473587e+02
1.295298655798303287e+02
-1.023452914378937066e+02
2.153684560436439597e+02
7.438056315669859941e+01

1.042279530629715936e+02
1.738520889493957711e+01
1.279478024641414748e+02
1.619861628312039272e+02
-1.226487234548005887e+02
1.680775773008183478e+02

2.277685903698736780e+01
6.802332596184710667e+01
2.296661311414374751e+01
1.978072846847536681e+01
4.717780893943348275e+01
-6.571154791644607940e+01

4.734630444606469979e+00
-2.366309580740056262e+01
-6.456523258923218123e+01
-3.259337004767848711e+00
-1.717909178333531983e+01
-5.371933729674127989e+01

-7.349006818269832042e-02
5.295323394756707813e+01
3.724873956791473972e+01
-4.672755756753863565e+00
-1.785789566013874818e+01
5.609566644713059702e+01

-1.039078863334545986e+02
1.256130736254117437e+02
2.725593987862226300e+02
-2.434521166420707630e+02
-7.565986272183535277e+01
-5.764570118274533428e+01

-2.712237548370450213e+01
-2.013550190920616245e+01
-9.098789397311441007e+01
-8.188482720383281332e+01
4.076470913261474749e+01
-7.500556507657385907e+01

-1.491342161295255053e+01
-6.367344523907433995e+01
-2.674639536700847486e+01
9.913863791718036111e+00
-3.485264660575395368e+01
-5.969190286447867066e+01

-4.488445846239772052e+00
5.500602476473662250e+01
3.336514089843904429e+01
7.721098794565876666e+00
-1.574356780003356704e+01
-5.636845306434253189e+01

-1.106344588784134997e+00
-2.132450278235589636e+01
-6.921044418286031430e+01
1.629889441725377086e+00
1.888029368602762759e+01
5.135476226073154749e+01

-2.234099102269107107e+01
1.817286743892328005e+01
5.796692695964144093e+01
-9.026872878815193957e+00
1.699462847467044213e+01
-6.255579175062671027e+01

-1.602378615298023590e+02
1.885701266504350144e+02
4.065555003470328188e+02
3.724424573644376437e+02
1.181063501052525311e+02
-8.153095766805752476e+01

-1.011997709765351239e+01
-1.475489100158222655e+01
-7.598007426391569652e+01
2.818346429966140576e+01
3.415429760605931397e-01
5.080257735720324774e+01

-7.382801015651709875e+00
-5.253777126373898199e+01
-3.840723576635502923e+01
-2.371866289842751740e+01
5.720245474685554221e+00
-5.756865072271126138e+01

8.972195433360337091e+00
-5.184943810104729067e+01
-3.380883367681075669e+01
1.608318630597907983e+01
-6.858569515097054925e+00
5.821426265239520603e+01

2.518304100130145162e+00
-4.320590976055454036e+01
-4.608897103249761074e+01
1.696724592257246300e+01
5.304186341658136072e+00
-5.691630608552816284e+01

8.388930093736766125e+00
2.156595707727408495e+01
6.922667482642464165e+01
-1.053642730509277214e+01
-2.329897387884405191e+01
-5.335730698290876006e+01

4.295729184469828965e+01
-5.969328086193971927e+00
1.071536157818140680e+02
8.785106639283652896e+01
3.442303379025318577e+01
-7.486806611926455446e+01

4.039620175604540719e+01
4.127124627925231692e+01
4.169612958937931779e+01
-3.570892281922375133e+01
4.896201215556258290e+01
8.265905301688849249e+01

-3.884497086970623769e+01
-7.989434363227503866e+01
-6.815119398217960622e+01
-9.321483994099118320e+00
-5.385767376126901596e+00
-3.457243276673982990e+01

2.028735262043780629e+00
-3.373925171417763380e+01
-8.123201877724714848e+01
2.405342812052182921e+01
-4.112151327144659696e+00
3.882211566996831209e+01

1.463943870975323236e+01
1.205156826018792771e+01
7.834751010061769705e+01
-3.529095151231631178e+01
-4.925180438461917554e+00
-5.271881769293514708e+01

-3.383694435071891604e+00
5.217108078506954172e+01
3.675176032637369872e+01
-1.704258556185334328e+01
-4.453906153928306466e+00
5.661443971916575890e+01

-3.558707632081298033e+00
2.133646638554112229e+01
6.748199483318522596e+01
-2.154060077420782982e+00
-1.747018716010940764e+01
5.230819323780398378e+01

7.168379076386690585e+00
-1.862555463565512781e+01
-6.823539295388486892e+01
-3.786105296152326716e+00
-1.702208283742170281e+01
-5.271281459062198138e+01

-3.235802455676552114e+01
1.132517567751139609e+01
5.766939475263625781e+01
1.057173362810301320e+01
1.820373953020402524e+01
6.786345488588403896e+01

4.553383772145221542e+01
-6.491162142576916949e+01
-1.491889060287435598e+02
1.195572925092063059e+02
-3.439481949955900575e+01
-4.043973274715676069e+01

4.376482885361954089e+01
4.025820916538459215e+01
4.274594346920380161e+01
3.937078097153574419e+01
-5.155716817246397454e+01
8.593703533544831430e+01

1.536617476810777205e+01
-1.082740379104611783e+01
-7.041748732871525362e+01
1.223831232114823742e+01
1.344629548523874085e+01
-5.422571522275971034e+01

-8.746029567487275003e+00
3.679049781366477134e+01
8.520520683657065319e+01
-3.529585369105453196e+01
-1.333681453771123238e+00
-3.825752575419226531e+01

-4.096556390813155701e+01
1.256167674122664977e+02
7.186370551158624664e+01
4.271198262143642665e+01
-1.005351126411909348e+02
4.725251116619981673e+01

9.191256019224157470e+00
-4.662206839123413715e+01
-3.888120193375296196e+01
1.575479779715905337e+01
-7.656920583574527761e+00
5.887964091588989390e+01

-4.726164230569940727e+00
3.722534101667836381e+01
5.098413942605547788e+01
1.591268293277763846e+01
7.278424090756672626e+00
5.703231244980036507e+01

-4.190973667008293102e-01
1.695778830334003828e+01
7.318424536354739018e+01
1.643792283468417637e+01
8.172757686354666262e+00
4.926081355646399373e+01

1.194640266402375062e+01
6.122437634308332122e+01
2.928540822827767087e+01
6.569426344469334822e+00
3.042240601766908625e+01
-5.821162862920289172e+01

-1.107484827229631819e+01
3.147941835516023801e+01
5.275519116716138512e+01
7.382314834266860970e+00
1.605408334861238373e+01
5.883901740089026333e+01

1.597705420063115866e+01
1.050721699476984661e+01
7.981401003558050888e+01
3.742983451111263093e+01
-6.005098595318571597e+00
5.297004967368872030e+01

-2.949864159120373230e+01
1.164898447674182620e+02
7.118653207696142715e+01
5.428677993897355947e+01
-1.017032808791288403e+02
5.683680631306960152e+01

1.097250585660841793e+01
3.274142963500204928e+01
5.940141679362153582e+01
1.490607982656425534e+01
2.887276851447436599e+01
-5.855012149341040839e+01

3.581394124106947885e+01
-1.812987700838609584e+01
-4.857634155017673550e+01
-1.231203541495941067e+01
-1.805389895182256055e+01
-7.242245171315286711e+01

-1.107333810397175355e+01
5.133159671026569271e+01
3.289197441751908002e+01
-1.595614496809509752e+01
-7.573651666045232211e+00
5.907641509969231919e+01

1.156294100594072631e+02
-2.095418828611824722e+02
-1.543838853533470115e+02
-9.332262945715447700e+01
-1.695160990441691240e+02
5.764562046962146269e+01

-1.576420151107961658e+02
4.542159602838113130e+01
-2.065544800740900371e+02
2.272327812233569091e+02
-1.223956358788989576e+02
-2.021991732499685099e+02

-1.460101522158695209e-01
4.071482009427737836e+01
4.944288919831257090e+01
1.795941371509215756e+01
-4.164464540164704687e+00
-5.647281452284709502e+01

-8.905230712277383276e+00
4.071372663767353828e+01
4.497505051812944288e+01
1.538878933606358679e+01
8.347372904095267998e+00
5.883693130790256021e+01

-9.196781059456405671e+00
1.518258780690609555e+01
7.039307479141075419e+01
-4.202255103922996504e+00
1.702002044834144812e+01
-5.218837448759041564e+01

-1.254329249242199928e+01
1.570707905491818046e+01
6.755775799480760213e+01
-5.646755964035179431e+00
1.690080728833140711e+01
-5.465585094911687492e+01

3.813275763599347812e+01
-1.371588121117737202e+01
-5.163769130346355496e+01
1.486807010366527493e+01
-1.640642640089698290e+01
7.315962021057686115e+01

-5.352611304090761024e+00
3.767410064168432626e+01
5.019181492960021984e+01
-1.577889827033888182e+01
7.481688094436363734e+00
-5.728335682954630670e+01

-2.225273511150616113e+00
2.193068270928616315e+01
6.750063394241647075e+01
1.577886402487979289e+01
8.335876176503042245e+00
5.212808689265094841e+01

1.023194701202235102e+01
2.053872577827586099e+01
7.007253288984939843e+01
-1.345882507481213253e+01
2.465809881148616611e+01
5.397209910119015319e+01

-3.316108976634631667e+00
2.135514210912040767e+01
6.760318168157550645e+01
1.522662779010487455e+01
8.924021633283922839e+00
5.223243486265274527e+01

4.158645787184410914e+00
4.552130516061602350e+01
4.539002821830253964e+01
4.638085998780060448e-01
-2.106524955250054987e+01
5.694372466738229122e+01

5.478289909621868503e+01
-7.419135014595698863e+01
-1.415585572678913593e+02
-1.054537714933253341e+02
2.989688986259383441e+01
-3.636614243094306431e+01

2.364860275053096572e+01
3.873182666096138860e+01
4.604466945709927472e+01
-3.520776110682975713e+01
1.742258274758761516e+01
6.777083714263814329e+01

1.819920279082249692e+02
6.160071945242729186e+01
9.342543098959511383e+01
1.910758357298475687e+02
-1.838171677761541787e+02
2.590597235312677071e+02

-6.243182889225669641e+01
1.288975696007892111e+02
1.486605254186397076e+02
1.400038466747548966e+02
1.093206875228443522e+02
-7.338695394668353345e+01

4.407362301952486128e+00
-1.688993197876151697e+01
-7.151937322538277897e+01
-1.440427332890194556e+01
1.000378715029567722e+01
5.046516438707504904e+01

1.344225568657360093e+01
-5.349733436221981009e+01
-7.615114659445764289e+01
2.383669460644236082e+01
-3.847553381642844528e+01
-4.416958227674025039e+01

8.116263066864044973e+00
-5.242037425051229604e+01
-3.382382887161206497e+01
1.620697405544721903e+01
6.510632086609022373e+00
-5.783439081496602086e+01

-2.448268186724219753e+00
-5.915731562399680143e+01
-5.410238072890188477e+01
-1.939568698893181420e+01
-9.982615922015951604e-01
-4.531656352429826740e+01

5.387647914208168132e+00
5.337247280081174949e+01
6.014048571207911920e+01
1.691270687680648166e+01
3.981943954211209391e+00
4.491098638187551728e+01

-5.860787453771477828e+01
-1.029260568947403129e+02
-1.335199022575943850e+01
-6.689164915130227484e+01
-1.122287135686692920e+02
1.079241210326856475e+02

-1.857970288427720362e+01
5.291421448240101455e+01
2.595993589250396028e+01
-1.629009319169986370e+01
9.040080396245729233e+00
-6.208861676457760836e+01

-1.642176670167035946e+00
-6.014393696946858370e+01
-5.324243512615028351e+01
-2.014454788543698882e+01
1.534908970070976986e-01
4.531764565218190910e+01

1.778808338063063132e+01
-5.191809117742328539e+01
-2.754122669349708019e+01
-1.615903603786975040e+01
-9.017285168788550465e+00
-6.192729851865673396e+01

-6.568118536527849827e+00
5.022242235686843514e+01
3.695573558039824746e+01
1.628343682332224418e+01
-6.239170595984764311e+00
-5.764315117110131581e+01

-2.112844792633941182e+01
-4.350108047153353397e+01
-6.076316867903710062e+01
4.696241270686293490e+01
-5.585369611858578054e+01
-7.329784459651611428e+01

5.549280909080176016e+00
-2.016612447447590029e+01
-6.768505741366791995e+01
3.170626243400432642e+00
-1.714774506863273018e+01
5.262488165892064274e+01

1.118865580512364133e+01
4.404339402192851338e+01
7.253768917282997108e+01
2.939589005259735988e+00
1.468395385769273531e+01
4.139511291839340146e+01

1.038508067706062654e+01
2.706609298803295616e+01
6.388794468162473805e+01
-1.292873400533426498e+01
-2.600397747307132335e+01
-5.657835455804601565e+01

5.906352350376200633e+01
-3.278007973445566137e+01
-2.078329749845859098e+01
-2.067740160973166752e+01
1.779882160374400968e+01
9.075726619344774804e+01

9.915341148270653093e+01
4.095249601590863620e+01
-7.749380004046381032e+01
1.916367221630399698e+01
-3.097019707422662194e+01
1.082784568471229534e+02

8.615662664618568556e+00
-5.348401941136683746e+01
-3.241986388660774310e+01
9.341150537633430062e+00
-1.478938066212135638e+01
5.782747636601747132e+01

-1.028705272913162183e+01
-4.507649031938952788e+01
-7.085732408443868735e+01
-2.943803244694707555e+00
-1.495049837742313414e+01
-4.207623588264963388e+01

-1.596574185071422680e-01
3.706502863615857279e+01
7.685050512891488950e+01
-2.164135939692898702e+01
4.301611289197396992e+00
-4.092727387697335928e+01

-5.980532755743458040e+01
-1.040431305242999258e+02
-1.305308584704720865e+01
-6.811219775180914837e+01
1.139964259168918517e+02
-1.093641232607910894e+02

4.442085782626444157e+00
4.399874966960594236e+01
4.690456586932336336e+01
2.127179278766748283e+01
4.874815353694023634e-01
-5.699951060128486802e+01

5.164361769591219620e+00
-2.019731138342403298e+01
-6.782154241279486939e+01
-2.963845476236138143e+00
1.721098161011739691e+01
5.246624727378662811e+01

-1.645689343086423007e+00
2.245837377578999394e+01
6.724856836320731190e+01
-9.689233947854720697e-01
-1.793406670486239207e+01
5.225717615353351420e+01

-3.111121578503056284e+01
-9.337785063348956749e-01
-9.304601347684004509e+01
-6.516784590548490996e+01
-2.216357898470880272e+01
6.384927053045479539e+01

8.868619723686963496e+00
-5.429255658178648503e+01
-3.147161286349516018e+01
1.626143570616012113e+01
-6.504101356579751858e+00
5.777359306342410861e+01

-4.150828814963357094e-01
-3.637367639655568752e+01
-7.732911687693317049e+01
2.080656394532449838e+01
-4.866606614010281717e+00
4.061915277392506596e+01

1.252126575516733276e+01
2.123048677604309731e+01
6.915075198533432399e+01
-1.686914401747360159e+01
-2.678800246281197417e+01
-5.584104438947389326e+01

-1.678138027821452454e+02
3.925398632908053855e+02
2.223978134626874521e+02
-1.713076743453934796e+02
-3.627999935557526214e+02
-1.092509276647989367e+02

3.433764073239958492e+01
7.806615543873192564e+01
6.348643185913016396e+01
9.859012142660771971e+00
-5.259935355865788864e+00
-3.543082013636188066e+01

-1.225446458481164314e+01
4.551234306982932054e+01
3.789801128909274297e+01
1.553565947751664211e+01
-8.650644713061671709e+00
-6.020733668834947139e+01

2.106029785721715442e+01
7.112385385709312402e+01
5.461387829975440411e+01
1.183936001883762756e+01
5.130606687183547621e+00
3.974541566204598553e+01

-1.280425062633975841e+01
3.981855971254544357e+01
4.319956480311064695e+01
1.510617706607851574e+01
9.506150113917115618e+00
6.055471878512791761e+01

-2.779134554064284668e+00
5.158094453537997026e+01
3.759485252516658704e+01
-1.721763249676778784e+01
-4.199690251021567455e+00
5.656665062928354359e+01

3.100874895598392200e+01
1.767334730947402477e+01
7.435874413151859130e+01
-4.752391624668777581e+01
-4.455249834226082584e+01
-7.240555033199343882e+01

-1.928701256396836428e+01
-4.578858692328090285e+01
-7.814578167973992606e+01
-3.818185446049383369e+00
1.266438405378832499e+01
3.790930106317799186e+01

1.786066785837037685e+01
-3.493592866447720979e+01
-4.422201022676292581e+01
9.981431552963671905e+00
-1.557878720682921880e+01
6.286539203481108729e+01

-2.945005307254294102e+00
5.452282381489425944e+01
3.459473880285620595e+01
-6.816664275587520194e+00
1.635820096237776156e+01
-5.612617237490549371e+01

-8.695970635880163968e+01
-3.137909101259993605e+01
-6.751595012984400057e+01
-9.388317765207166588e+01
-8.975543801635672025e+01
1.353685343598407371e+02

5.927407681975656928e+00
-5.048264251631610477e+01
-3.705730511801743887e+01
1.638467638196881637e+01
-5.912769668756543417e+00
5.740438802162241672e+01

2.957325952528760737e+00
3.717787349309831058e+01
7.607507897818676668e+01
1.812136872884106964e+01
6.015247036233516198e+00
4.100094859064713404e+01

-3.062489027782752515e+01
-7.415268413506031209e+01
-1.979657135400128354e+01
3.029202944972306355e+01
-6.106752384055419469e+01
-7.336538063264138998e+01

-1.472849413607696256e+01
-6.376096953259761335e+01
-2.668826051220862183e+01
9.661885698585006566e+00
3.461953673736032044e+01
5.953045340369118321e+01

-8.476339546598190111e+00
-5.297004820762393251e+01
-3.784853637678556737e+01
-2.473898891721909266e+01
7.271326053425524627e+00
-5.797675856945343043e+01

8.135962557337605006e+01
-1.597975451403409295e+02
-1.150625756953993886e+02
-6.398681925395809600e+01
1.259664242838491788e+02
-4.807306295712619715e+01

-3.452827873803756376e+01
7.551062419348615151e+01
8.805600716182161136e+01
-5.967078062009759520e+01
-2.919082922141188163e+01
-4.218586714126998061e+01

6.862715065929664604e+01
2.258407480760526553e+01
-7.111874401934888112e+01
-1.389720939968730562e+01
2.531426344838493847e+01
8.610967727230899982e+01

2.805225225076263262e-01
-6.496331164026109661e+01
-4.900711711591567621e+01
1.198551704700896225e+00
-2.214043028831126492e+01
4.478709940412316826e+01

1.315284238915899095e+01
-2.425206399673088242e+01
-5.853545278451779410e+01
7.125928395118487302e+00
-1.640777586851381642e+01
5.828695626203921165e+01

4.732623659739167543e+00
-5.573144647312152955e+01
-3.248625014742631834e+01
1.686723510835168938e+01
-4.622424528486114070e+00
5.628359246512298597e+01

2.632729291016805639e+00
-5.248651579170500270e+01
-3.675433919099286584e+01
6.313133639101107697e+00
1.659508081330233509e+01
-5.640735746224863334e+01

-9.654954154811260736e+00
1.703620203755916407e+01
6.823058785387479475e+01
4.707097054613140763e+00
1.691073007870945943e+01
5.341299108593734957e+01

7.663158159796259383e+01
-2.102518586899435249e+01
-2.356143309386875728e+01
-2.221292190390768795e+01
2.373957597843249090e+01
1.047510491446738570e+02

-4.624944165812992836e+00
-6.029909632405014719e+01
-3.064809416347845072e+01
1.871907281486782093e+00
-2.139838320678705941e+01
5.510885782355472173e+01

-1.160450256612335096e+02
-5.049883550817926903e+01
8.187981664940421922e+01
-2.033250185369680807e+01
3.539990279836015930e+01
-1.214230094950833490e+02

2.902935544403499435e+00
-5.548586012418484614e+01
-3.367527790763679718e+01
1.731385022856551714e+01
-3.656387290970432691e+00
5.600403571696236327e+01

7.956927298128193549e+00
-4.310009714350596965e+01
-4.318179631170087163e+01
-1.565406248316873850e+01
7.713235675970584460e+00
5.850231464712963714e+01

1.768486238392435794e+01
4.167956029015906694e+01
8.060333388828998125e+01
3.108397040563287916e+00
-1.312660287838806816e+01
-3.695954869201916893e+01

-1.471200711436554398e+00
-2.274511280628158616e+01
-6.789322223105230592e+01
1.773909872021457446e+00
1.907173459904504753e+01
5.199038793321235374e+01

9.411065496073511838e+01
1.462652933621438649e+02
9.594462839305172963e+00
1.106871868846394307e+02
-1.767871953968135017e+02
1.578953080573916736e+02

1.479575122654204433e+00
4.516039904831391283e+01
4.541487718823822917e+01
-2.113661943077373984e+00
-1.908336623642491503e+01
5.661500234006329890e+01

1.493738112271577734e+01
-6.926749688776406799e+01
-6.296503187766869303e+01
-4.246653099183495783e+01
2.239084200465311270e+01
-4.552010946679460801e+01

-1.470801885666420716e+01
-1.134259521723185671e+01
-7.907829869458203120e+01
3.545672015215988893e+01
-4.775791843598184094e+00
-5.233030389277507766e+01

-7.581070028006871020e+00
5.467917900681247545e+01
3.190433685061890046e+01
-1.637568584087599888e+01
5.977211074534963586e+00
-5.727649455468718998e+01

-4.515786918237291836e+00
5.617142773961043645e+01
3.219681822156677953e+01
1.693640299063288168e+01
4.443845508088443808e+00
5.613803067885601195e+01

-1.306565159897390060e+02
4.825557322097397872e+01
-2.072160376514978708e+01
3.472249100871322014e+01
-2.821334712099049824e+01
-1.475238683119087852e+02

6.742007033390585491e+00
2.209250831958204486e+01
6.877645368393071124e+01
8.066693043829792131e+00
2.208423485918828177e+01
-5.281696137505146282e+01

1.969968724275350098e+02
6.332434714409323817e+01
1.144355501115938978e+02
2.250377585109378629e+02
2.020635660818518886e+02
-2.847643956806720666e+02

5.636379889276397215e+00
1.803482973209063545e+01
7.294337233232579365e+01
2.216310635489272940e+01
3.504916748564557150e+00
5.036659711155260055e+01

-5.087144705282219626e+00
-5.666179747512890685e+01
-3.428498343956653116e+01
6.647464710167740876e-01
2.193062730209565103e+01
-5.605604174293335973e+01

5.989217314871534370e+01
1.042641539095141070e+02
1.307647289923654732e+01
6.833534499708848386e+01
1.143309017359644884e+02
-1.095480299358458751e+02

-8.215344800924336610e+00
3.603034337725492264e+01
5.011216159289649852e+01
-6.861884532929152236e+00
-1.606772784105161733e+01
5.818220363835315112e+01

-5.588940078858873228e+00
-2.183119179754242367e+01
-6.916473952337902631e+01
2.228979842369477637e+01
-2.697027958819850468e+00
5.221680548167331182e+01

9.026686559059280057e+01
1.177842622719802819e+02
1.078271402502567042e+02
-4.847806589893451701e+00
4.920787609364922766e+00
-2.229509771146625141e+01

-1.484371886433884669e+01
3.897470773969592273e+01
4.257853118164798190e+01
-9.617669129038592502e+00
1.533631495457863814e+01
-6.154372295307209129e+01

-1.037985457591129546e+02
-4.345971115981659239e+01
7.850145989280741787e+01
1.863546713903395613e+01
3.266812028688017477e+01
1.119257674659342143e+02

3.580454614557528448e+00
-4.285963196491834992e+01
-4.593625357580643254e+01
-5.488326397500259191e+00
1.673739053824160194e+01
5.713167379107151334e+01

1.067688279365395765e+01
-3.074383782833961121e+01
-5.376751524434429541e+01
7.133134581128602214e+00
-1.612737373712129951e+01
5.850096694767631078e+01

-7.585277207360799245e+00
-5.280689626153911576e+01
-3.803464653624238423e+01
-2.385086261108343209e+01
-5.981770559189901526e+00
5.758917290855757898e+01

5.084325133155830123e+00
-3.681022022327069720e+01
-8.076352120159515380e+01
2.886265478026860976e+01
1.117077589358698608e+00
-3.971408628902898386e+01

1.455149928591944075e+01
-3.114088839282154453e+01
-5.062792919578316742e+01
8.526619255794072316e+00
1.592271910680266167e+01
-6.065018617463714179e+01

-2.170931223373852603e+01
-5.090891958100488779e+01
-3.658187423163521856e+01
3.556407433447239441e+01
2.211478404255713670e+01
6.679391389804906964e+01

9.763001115611920966e+00
6.103428133514190534e+01
2.971686670287349941e+01
-3.799333211729817084e+00
-2.746250274649433720e+01
-5.698135763355529093e+01

-5.256442461236202845e+00
6.920451271515420899e+01
4.848535869209174365e+01
2.995476140227352868e+00
2.893410037187548767e+01
-4.413330376088774187e+01

5.850541080526728166e+00
3.688197722542206236e+01
5.405305851121710958e+01
2.267411210523624732e+01
-6.845802641255571697e-01
5.674762184139706278e+01

-9.327662062764538575e+00
2.756243818240772825e+01
5.787157202527181710e+01
6.144205089167551925e+00
1.641842799153898014e+01
5.707663639981599601e+01

-4.717212024318401475e+00
-2.122710673304370133e+01
-6.972228941058455121e+01
5.664881126811449619e+00
-2.070730538102651508e+01
-5.173139258759519521e+01

-5.907851582791141531e-01
2.086777583573354988e+01
6.916780249875841946e+01
-1.661464062959796095e+01
-7.655035013882141470e+00
5.129040366256030126e+01

8.717139695149194623e+00
5.474068671374671169e+01
3.602937197670134140e+01
2.482226162044729989e+01
-7.938551179484307774e+00
5.782716773590569659e+01

-5.510030025083632665e+01
1.481145024732729496e+02
8.556502913936660093e+01
-5.353476981353813358e+01
-1.230284598857530796e+02
-4.971940605602256369e+01

2.389611625621821744e+01
-3.497463447868557296e+01
-3.977729528216534050e+01
1.527037974633186401e+01
-1.209443281985497620e+01
6.637027631964342334e+01

4.494605597166912325e+00
2.059516140272780049e+01
7.036891469177555791e+01
-5.549100571066960086e+00
2.056207441058521468e+01
5.136667673595890449e+01

-1.086202709706951453e+01
1.597576803802064482e+01
6.848297982071389356e+01
-5.040233938527824087e+00
1.692175096615148533e+01
-5.366622772836105781e+01

-1.228059546597452645e+01
1.694260406630169413e+01
6.649656430340756685e+01
-5.739463498016100118e+00
1.683657848667475321e+01
-5.503947089880009003e+01

2.972331212414658808e+02
-6.582894880416379380e+00
8.425067078366946793e-01
5.856292681534895905e+01
5.819805072970476090e+01
-3.112410904371448623e+02

-4.824754710029394289e+01
4.803036982020080359e+01
1.106394069471015307e+01
-1.982375595254725553e+01
1.402341480141249264e+01
-8.049887682476408202e+01

-5.929007448942530623e+00
-5.792147624188186938e+01
-3.305188264026575240e+01
3.599451028765461580e-02
-2.277605335496509653e+01
5.607645618136012189e+01

4.547958744344999360e+00
6.236164172891952973e+01
5.099127558463161591e+01
4.008100079140244354e+00
1.746304858344612043e+01
4.480639954882127540e+01

-2.665372259217478046e+01
3.909375572861661041e+00
6.914829853603761478e+01
-1.216962381457821962e+01
-1.586005103914102143e+01
5.988959190967528201e+01

-6.315904684571292727e+00
1.950073224089929269e+01
6.785231197037089146e+01
-3.500954329440027379e+00
-1.706268930312934629e+01
5.268427391970949714e+01

2.164856248048800502e+00
3.806795372722914550e+01
5.262197714920271352e+01
2.637736346949273725e-01
1.958017174280372075e+01
5.619231389868980386e+01

-1.637857022766068837e+01
-1.104455743110537469e+01
-7.936642003275500201e+01
3.824523058472094306e+01
-6.801114450840781700e+00
-5.370309562453041963e+01

1.260783358296593981e+01
-5.167909314205637372e+01
-3.151856946137462501e+01
-1.596558102895961895e+01
-7.940060587505869627e+00
-5.967295337771383856e+01

-1.052528550600059276e+01
-5.333308329596368225e+01
-3.724341924105973334e+01
2.669890977908140783e+01
-1.016541180677592671e+01
-5.899114971396297591e+01

-7.310902117037159087e+00
5.258434121779983172e+01
3.420093790481559637e+01
-1.629617943812798231e+01
6.198058597492339672e+00
-5.757103112943801193e+01

-5.333210217340363712e+00
-3.661264738252521056e+01
-7.694566442655052185e+01
1.589724191706659440e+01
7.165878686169959266e+00
-4.032983545044942275e+01

1.411054031785256679e+00
-6.882137622074041872e+01
-4.572983970748702376e+01
1.166033449899226637e+00
-2.350090878730257415e+01
4.399136983047490901e+01

1.358287040166813320e+01
-1.389213111177345183e+01
-6.861108838722336145e+01
5.747168703296885894e+00
-1.698511592535329839e+01
5.448906808660383660e+01

2.107035579545499715e+01
4.341353131307752733e+01
4.191787128251830552e+01
1.535845859317545070e+01
-3.255759990424346739e+01
6.588077576962636783e+01

-4.699528324121011025e+01
8.159939244044723594e+00
-1.123996219558100904e+02
-9.557799527685217811e+01
3.849742036867274919e+01
-7.895514238009405972e+01

-6.041853620951973092e+00
4.601931992532259130e+01
4.144165246058034313e+01
-1.613503026325084022e+01
6.600625612792044627e+00
-5.778616336090551187e+01

-1.126140026490427282e+01
-5.382170851968468384e+01
-3.668695443059737471e+01
2.746693258487618294e+01
-1.140975883088699305e+01
-5.934973326216759659e+01

2.819750825978025688e+01
5.383274425972305721e+01
3.734296759979662284e+01
4.695133359385646088e+01
-3.681564884873944976e+01
7.421115611874047602e+01

-4.172503476519340637e+01
-5.956516948796882360e+01
-9.178753396045857471e+01
6.770493836758946671e+00
7.901388530930630871e+00
-2.984974946942050877e+01

-4.108387500427510020e+01
-5.155858703055312908e+00
6.858522899201048517e+01
1.025996940577889660e+01
-2.033532308776299402e+01
-6.824540797987917529e+01

4.784262237881171131e+01
8.677417656562741399e+01
7.302083733437919477e+01
-8.516884245122199104e+00
4.878946834034952218e+00
-3.139457800107499708e+01

-1.399682889119513618e+02
-5.864107327269589121e+01
-6.712467067486079486e+01
-1.417330181481190436e+02
-1.441735167792419645e+02
2.028753997544556285e+02

-2.652642732623783584e+00
5.344783126771852011e+01
3.581081302337953076e+01
-1.733514305877980988e+01
-3.827891319372133339e+00
5.629000740570813122e+01

-2.770720180166645719e+01
-3.040171739408245699e+01
-5.305607051079408620e+01
-3.891301069500247678e+01
-1.861700915997972317e+01
7.003886524329622887e+01

1.388470838596195023e+01
1.802691635331033737e+01
7.402426225563593221e+01
-3.700783090259714925e+01
-7.782221979214454244e+00
-5.547928855267640813e+01

9.300037243051972879e+00
1.608782273691640796e+01
7.468869761316861400e+01
2.697016837062747285e+01
-2.211675224896617054e-01
-5.105141918719355942e+01

-4.953848855755178526e+00
-2.027985998115935828e+01
-7.070044026758641564e+01
-2.148019962473979305e+01
3.637325599989178482e+00
5.130073918551982359e+01

-2.580737301057052946e+01
-6.987980517515345014e+01
-2.160663968805160096e+01
-2.338444012064641697e+01
-5.180889833719562176e+01
6.837143255682583742e+01

6.792672933274301883e-01
-2.031727340723719522e+01
-6.969024147832557503e+01
1.652156566063556653e+01
-7.783480599724892812e+00
5.105433268178180839e+01

-8.459572598289279100e+00
5.453735569568031849e+01
3.147338711024019275e+01
9.409885304145044316e+00
1.474824360187451511e+01
5.756941363098923148e+01

6.618643385561782999e+00
-4.235663988916611800e+01
-4.478384571656168589e+01
7.014684070715830444e+00
-1.596566111008921851e+01
5.801731953415269061e+01

-7.131526784510541006e+00
-2.195627548815711094e+01
-6.895454644032039937e+01
8.688773070327382442e+00
2.238915423889813638e+01
5.292346023496973828e+01

-8.952952049344018803e+01
-6.237527979238400633e+01
-3.563565315738451034e+01
-8.351164599886888595e+01
1.003602547704769137e+02
-1.380459237304596911e+02

4.003865905184348861e+01
5.640652432535233629e+01
4.055816726695437069e+01
6.322222173477933183e+01
5.620711569731196988e+01
-8.857151847145969725e+01

6.245337822589726251e+00
-7.241974221517956778e+01
-4.639775500529337648e+01
-3.162849314009301249e+00
-3.057945369121158308e+01
4.340528843467692610e+01

2.972167818570203401e+00
3.940121240876937492e+01
7.385373119360701821e+01
1.824228142198165870e+01
5.549895324202927860e+00
4.197486285344421475e+01

8.321292343559218097e+00
6.019032965880975894e+01
3.067612799028361081e+01
2.249643736679758366e+00
2.561253723704477991e+01
-5.647107822970041013e+01

-1.090701269838449861e+01
-5.282975364565663057e+01
-3.774564328856077822e+01
2.720645441577561385e+01
1.067040258145938836e+01
5.928247825449452790e+01

-5.855295425963691258e+01
1.799116684903038390e+02
9.926233265946164863e+01
-8.331240534899593797e+01
1.658143165946981696e+02
6.768187101768566549e+01

-8.166042182808402572e+01
4.621027172070121480e+01
-3.285572593807654318e+00
2.455935874632098148e+01
-2.053978678118046730e+01
-1.057316159207618540e+02

3.398356340946233622e+00
-1.945141269232029657e+01
-6.948441984965820950e+01
1.503746059619615316e+01
9.227638084657352024e+00
-5.137229231738702140e+01

-5.534922742692396724e+01
-7.152471598563447230e+01
-9.912896025044722137e+01
-3.596514680461787350e+00
8.444519034689573544e+00
2.681199518283762728e+01

-4.233435276178693130e+01
1.427541117847896324e+01
4.914503129375765411e+01
1.565887538441503857e+01
-1.711072207440420101e+01
-7.688461669727746539e+01

7.415682213346571849e+00
2.318754101511735044e+01
6.768525644801144381e+01
-8.824669197435030199e+00
-2.271283577205599258e+01
-5.357018421766181149e+01

-5.783049127251583599e+00
4.465704126706278032e+01
7.377616611543015779e+01
1.386375831583175611e+01
2.903001691045034605e+01
-4.352796256405849107e+01

2.696299405611802813e-01
5.342939059664725221e+01
3.682272291722519242e+01
-1.850730408175576969e+01
-1.790879265956260458e+00
5.601192813227876854e+01

1.121622420990267983e+02
-4.679846460427645383e+01
1.430648497600196833e+01
3.154143058621396989e+01
-2.426414774185850476e+01
1.313220846918151778e+02

-6.390600354844481501e+01
8.947925101672487358e+01
1.377706480203216586e+02
1.010701213575314625e+02
3.848349447347721508e+01
-3.927843643835186072e+01

1.631644380820550566e+01
-5.346578147303669937e+01
-2.707725938265403443e+01
1.618374692948023963e+01
8.525254020140671685e+00
-6.093734603137274064e+01

-2.309147051895961411e+01
-6.838430118274366976e+01
-2.293022045937728848e+01
2.052194527065764973e+01
4.812670021265476095e+01
6.609306065289929677e+01

-4.785525507475496099e+00
5.251163666298146637e+01
3.567448294208875836e+01
1.671830609242143950e+01
-5.109026332602097042e+00
-5.686405063675312732e+01

1.136344279888842301e+01
5.419050029619665310e+01
3.629598755763301199e+01
-2.751174752586954853e+01
-1.160874984634421558e+01
-5.935444323228323071e+01

9.108346058099373366e+00
2.185304898377197347e+01
6.888823940288396841e+01
1.150126382027577598e+01
2.389053613147837751e+01
-5.388120802024078415e+01

7.646228098826777675e+00
-2.076833875637367655e+01
-6.577281517229178576e+01
4.363078172448199510e+00
1.688225645084160220e+01
-5.390922892977507530e+01

1.819271389414424789e+00
-4.217201219887294172e+01
-4.740041947161596880e+01
4.250349451747824858e+00
1.742242556356847771e+01
-5.675436896671668308e+01

-4.200748227262459444e+00
1.807569750128700292e+01
7.063206139803071437e+01
-1.918266637948907283e+00
1.739039839676205190e+01
-5.099541257470740163e+01

-4.810094215918157090e+01
8.649857587111812407e+00
-1.139414439011142974e+02
9.789419376071226964e+01
-3.975849640745880009e+01
-8.021260108174585923e+01

-7.537333285105549407e+01
7.745232529327472193e+00
3.744386083297445822e+01
2.049626056023147669e+01
-2.504192883869649577e+01
-1.027491751530246376e+02

1.488475018515801764e+02
2.259214030415123489e+02
1.022361293662327775e+01
-1.833925909140489239e+02
2.868645058665726424e+02
2.441449685359780801e+02

-2.152879193239508382e+00
6.826304592604758170e+01
4.677928747520103769e+01
2.724478079117970686e-01
2.451048403341700777e+01
4.418656320422072525e+01

8.157786847907705408e+01
-1.039104214481100001e+02
-2.374596012633262774e+02
2.129830399557418446e+02
6.835848823221189718e+01
5.598859694822139943e+01

-1.154942555343445321e+02
-5.359577237799192062e+01
-6.995591673721857262e+01
1.356845972534944167e+02
1.235090511117600016e+02
1.771574624810460818e+02

-6.996063615620568044e+01
-2.083567677646269090e+01
6.883982878154041884e+01
-1.477030028234073278e+01
2.587630398393902098e+01
-8.859841100203458097e+01

1.919529608905006413e+01
4.466004961246691352e+01
7.918123517158082336e+01
3.618030090509397390e+00
1.271663247862673707e+01
3.747921244167683597e+01

2.806129412877114504e+01
3.013300907032966336e+01
5.321065233986209364e+01
3.915206300039938725e+01
1.881275836597074758e+01
-7.027670616146905047e+01

1.926625031765867391e+01
8.780329114853357098e+00
8.174581624078827247e+01
-4.320929250314758718e+01
9.675366157116959798e+00
5.515337964429384243e+01

9.384276635286118662e+00
6.031428586969008165e+01
3.041879704183919486e+01
3.476699157659348227e+00
-2.690879271757567537e+01
5.695058341705448157e+01

-1.853364877832368807e+00
-2.392458171598191186e+01
-6.676792493024046848e+01
-1.955310898245790074e+00
-1.927327140473604672e+01
5.244474362839590498e+01

8.768306717016759677e+00
-4.216089935713866765e+01
-4.360832648703933501e+01
-1.549710254259071895e+01
8.113784746233545064e+00
5.880937848964408943e+01

1.851865498581189584e+01
-5.216863794957168210e+01
-2.675260499921290247e+01
1.623259055382711225e+01
-9.126570004670250924e+00
6.222294511224758651e+01

2.008257823012258747e+00
-1.681438261628545305e+01
-7.274455267550716542e+01
1.546519408191513634e+01
-9.027686754762177301e+00
4.954407249206632002e+01

2.443699493221760122e+01
-4.566034409821306639e+01
-1.063999795782277289e+02
-6.685473573977481010e+01
-1.382874140505099092e+01
3.594178732081690697e+01

2.347343924382882818e+01
-5.169576573813208853e+01
-2.362195838918118440e+01
1.663537606019757931e+01
1.003269272859590799e+01
-6.479218912203157288e+01

2.989358165807309575e+01
-3.537832330115464430e+01
-3.581091927314668055e+01
-1.589853942197014192e+01
-1.291284050978692655e+01
-7.035940745689508447e+01

5.962824535500021561e+00
2.084758078264781034e+01
7.008053793151958644e+01
7.332972759243111760e+00
-2.148231762302687997e+01
5.194001333806408383e+01

9.501343402049443609e-01
5.952082576380317391e+01
3.099763570273384161e+01
-4.973649436522616263e+00
1.829401408730225498e+01
-5.480053246669846345e+01

-8.753611220293306516e+00
1.534189142208800405e+01
7.048849041585100395e+01
-1.316076052663770390e+01
-1.153565891370766572e+01
5.198754316474374093e+01

2.476878511573043440e+01
-5.174599268216898906e+01
-2.262843337225115548e+01
-1.677993735864643554e+01
1.023154154206989830e+01
6.545302941580943923e+01

5.957003824226651645e+00
-7.098453326563878818e+01
-4.750732145800499495e+01
3.256778129165460278e+00
3.003398726087491255e+01
4.377303490052019441e+01

-1.044422982952262657e+00
-6.771351058975015746e+01
-4.579356700702994942e+01
2.923877697364011485e+00
-2.057883594832165741e+01
4.413424928863794605e+01

-2.048604037981358150e+00
1.816599812627615051e+01
7.140661332548104667e+01
-1.557815676503438951e+01
8.812300320029331502e+00
-5.029096985227089789e+01

-6.265383870036421443e-02
5.228621036785984444e+01
3.784677453237655698e+01
-1.831685747656747054e+01
-2.216740060420193004e+00
5.616091602909007463e+01

1.259165269941556460e+02
-1.512317773083374846e+02
-3.329432559865672943e+02
-3.039063831152070634e+02
-9.666141909995971560e+01
7.003755082735712278e+01

2.077888026376328057e+01
-5.224220853881956117e+01
-2.502390613607403935e+01
1.642649077003134295e+01
9.525229982226125713e+00
-6.330893724800405664e+01

6.288940451970248535e-02
-3.466404354056480486e+01
-7.924789665161615915e+01
2.139220634157097578e+01
-5.012258103437775780e+00
3.969096977007525595e+01

-3.104249904139712690e+00
5.051513847651856537e+01
3.849075042852022932e+01
-1.705555682992708810e+01
-4.545305944427112443e+00
5.673157267390124758e+01

-5.047154974910078806e+00
7.084306393057559603e+01
4.665829462725435661e+01
-2.182264948079679190e+00
-2.865265624871210548e+01
-4.371477591417712460e+01

-1.108119196234408150e+02
-4.806131072952385352e+01
-6.060301913335320734e+01
1.122970544339487162e+02
1.146564959031637159e+02
1.651310177538266828e+02

-7.518758590900095129e+00
1.768879227723060410e+01
6.897806897255546232e+01
-3.806644335685017477e+00
1.702180866612497923e+01
-5.245934681684958889e+01

2.998481005119680987e+01
-8.374438646814212461e+01
-8.698002852575322663e+01
-7.306937326793519105e+01
5.122446271005698293e+01
-5.159454502673057874e+01

-3.136140502795207174e-01
-2.002169653714698327e+01
-7.033222537311442579e+01
1.717666749392255099e+01
7.250213961846286637e+00
-5.076730443234094992e+01

2.640768089013091924e+01
-5.153075870642142320e+01
-2.168627112789204148e+01
1.398592218716358104e+01
-1.423987960332770975e+01
6.638697184276303176e+01

-3.750857436140704770e+00
-5.382675082748665574e+01
-3.695973399944121951e+01
-2.058665619191456031e+01
1.521353952455889447e+00
-5.625138926973617970e+01

3.821627847363284047e+01
5.772590011253653586e+01
8.890793274293268666e+01
-3.927849771718856520e+00
1.001633418426416711e+01
-3.130455940387719949e+01

1.921894443040007339e+00
5.220232398130742268e+01
3.845375407081188257e+01
2.927032251144590091e+00
-1.923218681722329038e+01
-5.622144002450286848e+01

-9.959375257835528572e+00
-4.445727892057399089e+01
-7.125815198692065167e+01
2.753481708732305133e+00
-1.511487231163853018e+01
4.202242069703287086e+01

-2.261538797263761680e+01
-6.542999019308363984e+01
-6.268438489220407916e+01
-1.112693008678824214e+01
-6.220643063116487070e+00
-4.038355655174962777e+01

-4.562651679519119874e+00
3.637460511621064541e+01
8.069410343898232441e+01
-2.797214152970864376e+01
-1.659426402628524810e+00
3.963465308150091460e+01

-1.011578843309271569e+01
1.660044398298847668e+01
6.835922240491689195e+01
4.835546768002302542e+00
-1.692220141406491862e+01
-5.349024127306354615e+01

1.189304930588102494e+01
2.515380289904218714e+01
6.310186786448378626e+01
1.076411772354584429e+01
-2.419482031437321723e+01
5.697344231284408522e+01

-1.129981811522671009e+01
4.148633383775961647e+01
4.258580703156383862e+01
8.787193585442748756e+00
-1.535701687343443567e+01
-5.988546220293802946e+01

-6.109075281652618372e-01
-3.444097712693371705e+01
-7.919922618393792391e+01
2.048302694267557911e+01
5.446992387456311313e+00
-3.961756076472939014e+01

-3.272049749606786850e+00
3.919287651208983903e+01
4.974698261253262643e+01
4.754065819660576508e+00
1.700150426569965489e+01
5.683946642146415229e+01

8.209465050822352339e+00
-1.709952563540895198e+01
-6.912379567125861968e+01
-4.053456007852054732e+00
1.699483808076212910e+01
5.257400999377797035e+01

-2.475404650552765595e+00
4.653149972068280249e+01
4.277166900981369224e+01
1.712629556550177767e+01
4.779454097039972815e+00
5.689055084244908755e+01

-3.628001040965451551e+01
1.185199742685584425e+02
6.768166426520791390e+01
-3.933809345888278841e+01
9.333414095766241303e+01
4.679425240100557204e+01

3.229704742277742291e+00
6.320727167246423761e+01
4.995617116366322819e+01
-3.435268219583467619e+00
1.851174038458644944e+01
-4.482111820218562315e+01

-4.718041337298444660e+01
-8.637239483155461528e+01
-7.247578139627046312e+01
6.626611490284904704e+00
7.327175288286849053e+00
-3.156409076077082076e+01

-4.913109774809576891e+01
1.486958797186943855e+02
8.283257832341215021e+01
-5.919573209808989134e+01
-1.284901950968327924e+02
-5.465742756220728182e+01

-1.691319952291695827e+01
-3.644751277856642702e+01
-6.276666517810371460e+01
-5.109863765190629437e+01
2.695299547048778166e+01
-6.618812384481056199e+01

-1.412608211446408824e+01
-5.356392956854807608e+01
-3.671208673467030081e+01
3.059962474015884837e+01
1.563537777517376881e+01
6.130425567950452859e+01

-7.753466030809295972e+00
-1.785200702941658335e+01
-7.302706895171462520e+01
2.486737630828756807e+01
1.426900981558512527e+00
-5.115717364258938460e+01

-4.105178579020167717e+01
4.875196746561743311e+01
1.467004093924696484e+01
-1.874184786508885026e+01
-1.293553432245314205e+01
7.563744251642665972e+01

9.228294683175562341e+00
-1.808153921293093447e+01
-6.744811245957838253e+01
4.685083520718201555e+00
1.688480303770379010e+01
-5.363736835486262322e+01

-5.662002898065137194e-03
-5.479046260155192272e+01
-3.539591144418267277e+01
-1.838778983793911692e+01
1.790223513047316528e+00
5.581288360386159297e+01

-1.328890886807054628e+01
-3.936577997183163546e+01
-7.880035625695016677e+01
-1.151462714615043836e+01
-8.659735331532832703e+00
-3.836006175154701481e+01

-3.197858791684174307e+01
-3.510019547735871992e-01
-9.416676600700913013e+01
-6.702235444119409635e+01
-2.314251894412223720e+01
6.458525601901239099e+01

-1.148688580528355274e+01
4.716455744262984950e+01
7.905502345059039726e+01
2.196631390813392670e+01
3.442452153203667820e+01
-4.252557909708901462e+01

-7.007573776021951062e+01
-6.162438754594464996e+01
-4.834080196748591618e+01
-9.517203123335451664e+01
9.136800412157963081e+01
-1.250211802075956058e+02

9.278666654351782839e+00
-5.132631784975088607e+01
-3.415330423776903501e+01
-1.604475433266476969e+01
-7.040667841922044090e+00
-5.840773545833361169e+01

-2.298738622776425267e+00
2.290349368061456303e+01
6.649778013601745386e+01
-1.539475966814421115e+00
-1.774835772893416674e+01
5.258581047103623263e+01

3.165207269524760392e+00
-2.396563286826648920e+01
-6.511202963339269445e+01
2.292180295933979206e+00
1.752222180738550605e+01
-5.326908356457064286e+01

8.755347427354532641e+00
-3.882031274090316941e+01
-4.697475488123267695e+01
-1.526535943937324014e+01
-8.547354302295053330e+00
-5.867597568577717482e+01

5.375065578311052406e+01
-1.521696145283500812e+02
-8.570614828825100062e+01
-5.793097464888354153e+01
1.296600916475283043e+02
-5.274256730968988904e+01

7.224285418766500655e+00
-3.844437328460713843e+01
-4.830918074205241908e+01
-1.544909999765850905e+01
-8.096672772516837924e+00
-5.802651950909084633e+01

3.520269812958614608e+01
-1.484330813154626449e+00
9.753171417918240138e+01
7.286702239394611524e+01
-2.642827952412988424e+01
6.748429389684898183e+01

-1.396775932405089726e+01
5.319299679881354592e+01
2.902144901838257596e+01
-1.108172365071877863e+01
-1.417950175029407234e+01
5.994891117011125914e+01

-4.006187564507306398e+00
-5.639152168969032886e+01
-5.686503564188632964e+01
2.536203291329829135e+00
1.807668479402659756e+01
-4.522151171990294216e+01

-1.456151455185567123e+01
7.350480533181493570e+01
6.812973443992748912e+01
3.723044807871217898e+01
-5.969894169636437198e+01
5.185870467426408936e+01

2.032212081025220840e+01
-4.681885947034940187e+01
-3.069954433907400571e+01
-1.202659787832393867e+01
-1.456714109640496346e+01
-6.394885675747939757e+01

2.551596593985677952e+00
4.556562580413440600e+01
4.518828610502239229e+01
1.196048135218034103e+00
-1.980407550893784574e+01
-5.669146533083282691e+01

6.693029699927659060e+00
-4.201697897779274626e+01
-4.507146108167616916e+01
1.577593657441761188e+01
-7.417351216807112735e+00
5.803537966717114216e+01

