2.638308987715503803e-03
2.533625674686580329e-03
6.242577186684687696e-03
4.608608276190600053e-03
1.226074268880021578e-05
3.230577861123987290e-07
-2.464163405359622847e-06
7.212508016452513329e-09
4.541708896534158718e-07
4.397938729653895463e-04
-3.010011552118165373e-05
-4.445925749894688066e-06

-5.154724514492289855e-02
1.477113751307286733e-02
-1.078904404878537702e-03
5.182459459958367555e-04
2.124437148205715010e-05
1.508641315623710989e-05
-1.409559440205836227e-05
-2.831980096170190898e-06
3.316102996235319904e-06
3.812642647732875784e-04
6.333079632232026419e-04
7.352395378624169845e-05

-1.704151307225625772e-02
1.120487636555784951e-03
3.787655391334511360e-04
1.495899095876558832e-03
7.884818600972432119e-05
4.302920411424187696e-05
3.599133593851542312e-06
1.766504413533344224e-08
5.827300747637776198e-05
-5.186399576160939662e-03
-9.901737582799193318e-04
5.648729495464385568e-05

2.722706178422974544e-07
-2.843635172892816230e-08
4.700167777115737751e-07
1.192881607371457342e+01
-5.555615635490808446e-02
1.020934387380198049e-03
3.850167123970300864e-03
5.274024979429646313e-03
2.324764078753228328e-03
-2.608058484496254881e+00
-9.687434112092645933e+00
-9.494202344671053007e-02

-7.017757956627628299e-08
-3.952432086737873805e-08
3.290918311296628660e-07
1.202543274780663696e+00
-1.514335956638988012e-01
-2.510714939327840598e-04
4.200242856458669127e-02
5.142447425655708240e-03
5.489783545266788134e-03
-1.581208079834958702e-01
-1.171337687177982645e-01
-1.232125479514064315e-01

1.648383137734628226e-07
6.400809086596623505e-09
1.372059189209347834e-07
2.555443435722823153e+01
-6.764810462899042975e-02
3.916085013445046864e-02
4.779965171191151441e-02
3.513622285665775336e-02
2.063576741427137692e-02
2.479180059285343418e+01
2.579553564878682792e+01
-1.937209748024827372e-01

