-3.897484998389848140e-06
7.469382414879818900e-08
-2.271664982322028818e-06
1.182643389332100554e+02
7.551865088353629241e-02
-1.534609280048667389e-02
1.329748629329743741e-02
5.097955955184360621e-02
2.522476352870591312e-02
5.273736312045983254e+01
-3.529816390808009885e+01
2.533584568738825316e-03

-1.943581353828788362e-07
-6.624617002012841881e-08
-2.232405222794252573e-07
-1.059554166687365928e+01
3.774432634288949623e-02
1.317483405307293826e-02
-1.189398637734982809e-03
-1.881895207852017843e-04
7.995049419161069301e-03
-7.117387702149580164e+00
-8.021903051349816849e+00
-1.131364561719949702e-01

-2.898794789323428348e-07
1.713437836600709421e-06
2.093157182837405603e-06
8.694941634858583512e+00
3.424143203262553642e-03
4.923007801013010339e-03
4.291329056930432567e-02
2.094548543472353767e-04
-2.303074979242477206e-04
2.832629931526915001e+01
1.921618100109022009e+00
-1.510044142974728727e-02

1.851324348446903033e-06
8.170973665458451094e-08
1.851469233783880995e-06
3.603069586606829233e+01
-2.969698506908453189e-02
-1.929767690288900514e-04
4.189195473222113303e-02
6.964344293499469870e-04
-3.572445219081741945e-03
-1.501410719029698448e+01
3.925460877848227881e+01
-8.194968789103215800e-02

5.367677302057434882e-07
2.866270115791642071e-07
2.309542338246680642e-07
3.514488065164564357e-01
1.048523013780027283e-02
3.389956784631580154e-03
3.526868068137704870e-02
-4.130202889893082319e-03
3.930402687441590139e-03
-6.943789680373325446e+00
-1.615211217570169921e+01
2.095451571493237020e-02

2.400574553442236809e-07
8.800581756537999076e-07
1.165247074984247370e-06
-1.261645101317707152e+01
-8.663763915081364522e-03
7.748847269348584348e-04
5.184404090392090436e-02
-7.245473997963897605e-04
1.555383195267234266e-03
-5.492018232337620987e+00
-1.448835408251555101e+00
-1.798701893480937272e-02

3.632422788664792558e-07
-1.191193450133259970e-06
5.681688713099419844e-06
6.488103050449826270e+00
-2.680292914213672131e-03
4.240560813190984483e-04
1.195957791207730332e-02
9.075638825267660871e-04
4.468517272266967844e-04
-5.335470329498425146e-01
-4.185248128544121760e-01
-7.875625441879065269e-03

-3.304345329589249761e-06
2.983657916592303175e-06
2.119594216209213945e-06
2.053891923221509153e+00
1.766804716607523612e-02
-3.331902877678151378e-04
3.061743058188215981e-03
2.321430178656464112e-04
4.399529968906968551e-04
1.101872066072316025e+00
1.785945436457156699e-01
-9.517041441860723747e-03

4.444221092211938984e-07
1.225793149607281973e-07
-3.043672763147193316e-06
2.194343945038788490e+00
5.837901675898871101e-03
-2.329630788319933272e-04
-1.126682843916936017e-02
-1.504853477692604175e-04
-8.221712361035961054e-04
1.630496119773826802e+00
-9.227205374762682766e+00
8.159066773581987939e-03

9.804420774484690322e-08
1.498524702486067856e-07
-5.189198228442970640e-07
4.222453931869708299e+01
-1.557562428040848955e-02
6.329032959195770615e-03
7.444960105278346230e-02
-3.480934256090295002e-03
-3.615786914226242193e-03
-1.768064567417960831e+01
-2.024546992924296074e+00
4.597058413323860948e-02

1.828915898823476200e-05
4.968415046147859764e-09
-7.004116758215377191e-06
1.932447264574876034e+00
2.693199283166708684e-03
-2.361785442099133703e-03
1.088486825068765186e-02
-1.653946742304169409e-03
-1.483404375918782447e-03
1.180151230756126601e+00
-1.088587102532303508e+00
-9.820860383610298741e-03

2.654457087272967731e-07
1.051164784692239516e-06
1.700418632932664897e-06
1.392323629927796347e+00
-6.097721137930424418e-03
2.320756001543312127e-03
2.847858945553309248e-02
-1.088056286713239527e-03
1.123360530446754126e-03
1.387931496707605739e+00
-1.147969125226002030e+00
-4.424133513483126043e-03

-1.493898271242069713e-06
2.508725111078145081e-06
1.699261600698915913e-06
1.355342998345824057e+00
3.673330818003477799e-02
1.307910769686562334e-03
3.616730724829170240e-02
1.333209388281271631e-03
2.166562025521828923e-04
2.009864915840736010e+00
5.288616863420378955e-01
-2.915805830670458246e-02

1.163614795293358524e-08
-1.244451670734932927e-06
2.169190182142205062e-06
-4.785825011580606514e+01
4.200316740137980537e-02
-4.267204396244683902e-03
3.984885074631453611e-02
-3.836238779028006227e-03
2.906683273796393727e-03
-2.919805301360396843e+00
2.121570465954624396e+00
-1.046492578509185348e-04

2.417378976954342093e-05
-3.833659603885323586e-05
8.857558413030291943e-06
-5.753130236795103158e-01
6.242580592745431041e-03
-1.300408642125805946e-03
7.365266938309401878e-02
2.758525470401643805e-03
9.067869463493989386e-04
1.080074162287320894e+00
1.022518956079907643e-01
-2.795116270922420182e-03

4.416282627854165629e-05
-1.527524961320322032e-06
4.090017310335071115e-06
-4.546771340413555684e-01
4.283877051240985584e-03
5.218212429375944372e-03
-9.986359002493376373e-04
2.146457412802196558e-03
5.004468900947532488e-03
2.183808151053762803e+00
-1.629134060177322291e-02
1.157584256618290029e-02

2.898206347513455484e-07
3.319995935883054242e-07
-2.890565425671891683e-07
9.019666570045774545e-01
-1.532768523575700759e-01
4.266108924239757003e-03
3.766248839989610455e-04
2.465701365125667053e-04
4.921047745937558691e-03
-2.641735938448809273e-01
-3.832785598981842679e-01
-9.849124403974594821e-02

-1.056445829398071681e-06
-7.303275352497994997e-07
2.936877983858910427e-07
6.813979362543018947e-01
1.131994417845989462e-02
6.130265479596239651e-03
9.590253890819813287e-04
8.936003919231444130e-06
-7.327406794050866142e-04
2.813172721249491026e+00
3.977349239555330485e+00
-8.824854006246839189e-02

2.617977830995657984e-04
-2.998845002614614779e-05
-1.973959336335525793e-05
3.672179560553843203e-01
6.433922692431945020e-03
-4.226426697035101329e-04
-1.652238706137169156e-05
1.228736345254507513e-04
2.708271354404049019e-03
-6.707134367198437364e-01
-4.084307788374588744e-02
-1.712865179195789548e-03

1.574546226585831593e-06
1.690524970298958693e-07
-1.183949381915097856e-06
1.386010607881982715e+00
6.515942237800496917e-02
-3.601211000658580841e-06
3.334824849315105345e-03
3.886266730029443346e-03
1.569666836144680997e-03
-3.039358923709203353e-01
1.306013223668142098e-01
-9.594275995023304401e-03

6.874400855037799499e-07
1.195435886113328106e-07
7.016456774128960318e-07
3.938553016726588307e+00
-3.048470590808052133e-02
-5.517796847737584283e-03
-1.611018819708557107e-02
1.525664303964094489e-03
3.458677396676883026e-03
1.131825928770938461e+00
1.147162842995161025e+00
-5.085126776520963732e-02

6.205654252366283732e-08
6.408952079421193363e-07
-1.689154804586495953e-07
1.851631094769818731e+01
6.872658951775446889e-02
5.445243146590198098e-03
6.469187109758930965e-02
-1.849484524395577614e-04
1.623960589490319436e-03
1.571869900595748959e+01
1.211105751180616075e+01
-2.087739781113544593e-02

2.099812515582793791e-06
2.682498471236272010e-06
5.718735860264665865e-07
3.949136839999912496e+00
1.576646709829630745e-03
1.248937913616537075e-02
2.813184362567504922e-03
1.929510737354113751e-04
-8.193177062718563905e-04
-1.156486657578099653e+00
6.274815753870879753e+00
-2.304817522574801603e-01

2.373595696258735455e-07
-1.275647676457818560e-07
6.646087273792439223e-07
3.950022887668138338e+01
-1.235566981519683333e-02
-5.388429014161697991e-03
7.496438278732479865e-02
8.174207413712183609e-03
2.290212875913388152e-02
1.953075466844263701e+02
4.594066091872223367e+00
-2.514987501138855538e-02

1.118865765992182422e-06
-3.126080588411150335e-07
1.008473450273464823e-07
2.916505987289235713e-01
-4.690725271805384899e-02
3.030639751550035215e-03
2.342448108487758807e-02
3.533597020849282670e-03
-1.159074166845418773e-02
2.150634668618508272e+00
-9.985216833435156758e+00
1.789803795946332899e-03

-1.301091397663338405e-08
-2.906447900301109348e-07
7.282770460119038158e-07
5.100351725790325474e+01
8.516807386952451875e-02
9.775579495523370119e-03
5.737544770235553093e-02
-5.521934045025348511e-04
-2.714524220501256420e-03
4.165288956355400529e+00
-1.055405171688484600e+01
3.345833862334428570e-03

5.609898916311135265e-08
2.662291400937045860e-09
9.583603884641234098e-08
2.024554896886587017e+02
5.955145424314393920e-02
-5.003943434244886856e-03
1.818039600466809722e-02
4.392366382712588335e-02
-9.592601151826586972e-03
5.531075881440214914e+01
1.844786874134180152e+02
1.781469450405289146e-01

-2.163614330099946414e-07
-1.077235978254607647e-07
-9.285657593696601906e-07
-2.921875948354734831e+01
1.191342563720928713e-02
5.758496450432960129e-03
6.671555380144041092e-02
7.905009874284855183e-04
3.274798190094442996e-03
2.019338246106850221e+01
-1.449867587648252787e+01
-1.444187922577599460e-02

3.106891358540312628e-06
1.897852008342960301e-06
1.083144910178096003e-06
3.406345694671924385e+00
-3.116533807529569579e-03
3.230581130824568357e-03
2.865399997950791866e-02
-2.927486665075368453e-03
4.724230761102320326e-03
3.285417988074794682e+00
-1.296613993063697956e+00
-1.784973596919147559e-02

1.412029909833352266e-06
-6.826894775595503143e-06
5.712884262760513457e-06
1.689071664412972185e+00
8.988239872723163132e-03
7.517762312895966397e-04
-1.207796862896740563e-02
-6.954992072426441645e-05
4.971901061495841330e-04
1.295854268086994665e+00
1.095685735977233621e+00
-7.654475079737717074e-04

1.018009132662998524e-05
1.836738335308554500e-05
2.040883737638174103e-05
-5.918805230999085509e+00
5.828822585221607715e-04
-3.715547517713081016e-05
2.265263501018668912e-02
-7.542523587270598450e-04
-1.522940847154476043e-04
-1.734459217719106050e+00
1.355784243548531220e+00
-6.728154895179078512e-03

2.420875706501919693e-06
3.134789391476974406e-07
-3.542673971786320382e-07
1.544805842438454313e+00
6.774401175628668066e-03
1.258653833819602325e-03
7.323497221382576977e-04
2.848615670172185196e-03
-1.520970174396481592e-04
2.535902122217623678e+00
5.835482663276865267e+00
-6.968011022095814411e-03

4.423842571275476557e-06
-1.658572769561521661e-05
-1.168454847043291299e-05
-1.057754502592636925e+01
-1.704816323011929110e-03
-2.227360069751562442e-03
2.427060874545352090e-02
3.400455003538208499e-04
4.644355474850905960e-04
-6.055720905590725955e+00
2.993510030801339594e-01
-9.277695494527142843e-04

5.796890634339983348e-08
2.209375219060720824e-08
1.105055577750743426e-06
4.573744468253528339e+02
-2.663589519877153367e-02
6.642989817291561003e-03
-4.664067683918857871e-02
8.240708084385766838e-03
4.509513475938158392e-03
2.169628689900517600e+02
2.911408847317188133e+02
-6.384513398008979934e-02

1.230070555240438882e-06
-1.392647531632583009e-06
-1.612496809847843543e-06
1.391988259695845054e+00
7.130709145626211443e-02
6.101580555606372219e-03
7.992697093850946455e-02
4.053401900102128128e-03
-2.093303745630758876e-03
3.294704962688905336e+00
3.674517344862551216e+00
1.507777407942510793e-03

-1.896599273741610196e-05
-2.314340364123168656e-06
-2.725989818447801591e-07
4.203400980256674635e-01
-2.431950791499921938e-02
-2.157751164647662978e-03
8.259086279341491463e-03
-3.380651179951870821e-03
1.278434043500235873e-02
8.908143786728036639e-01
8.255140022788343135e-01
3.791468952055624102e-03

-1.464950057730307936e-06
-2.817989148288350532e-07
-3.085880227569984377e-07
2.271881147465038442e+00
1.408237480979100415e-03
1.209880728685213541e-02
2.383015411435772217e-03
7.140515073117422546e-04
6.336704189554521680e-03
1.220886362376996381e-01
-9.877372210483310599e-01
-6.692352839721521507e-02

5.032793498361014164e-06
-5.601159889456852538e-08
1.531356188310197823e-06
8.122185153194682039e-01
-6.957019671148400794e-03
2.405806410154690076e-03
-1.512814067231074569e-03
2.829601539083244355e-03
-7.509273125919223735e-04
7.387550937474842705e-01
8.933039583635615788e-02
9.549654770142091895e-03

2.479818521696854444e-07
2.217348399878319170e-07
5.902823047931759278e-08
-5.198085327318268867e+01
-2.436002106739090789e-01
-2.377427221650682662e-04
-1.139689464312162309e-02
2.417453974497169988e-03
-5.138858323937576036e-03
-3.176279466780081151e+01
-1.620803049961939024e+01
-5.902840414650510625e-02

2.882898274962792016e-07
8.552826953715360750e-07
1.293846438227220934e-06
1.170827443039564653e+00
4.975261219896032205e-02
6.230979083693225298e-03
4.451422667616301149e-02
-1.050900857345806773e-03
1.141940069720605300e-03
7.937867775141654869e-01
1.984337106726581368e+00
-2.707940005238470074e-02

2.917786184706425165e-06
-1.297272778779285969e-06
1.007021683323134008e-06
1.258236999451272986e+01
9.605897045158229286e-02
5.562286923695371546e-03
2.330953534825679074e-02
4.774616607918674357e-03
1.626757840635794511e-02
1.478418969828406304e+01
1.210114573816836980e+01
-1.594302970653801305e-02

1.677791089021385407e-03
1.159366820054968591e-03
-5.828702897996677002e-06
9.139100887173542409e-01
-1.174473884627842274e-01
1.053444836049529341e-02
5.493086347571085951e-03
-4.744284203819512462e-04
1.051567387632200944e-02
-1.248267697768511708e-01
-1.177695015780630267e-01
-1.189881881980313916e-01

4.355912500888074667e-07
-6.437862690483635843e-08
1.649740561300794818e-07
1.268514353450133671e-02
7.109706205066280982e-02
-2.209809865474154228e-02
-1.593175444383115869e-02
-9.238492140913946368e-03
3.261106089877776823e-03
-1.181916836969642226e+01
-6.712846309231021991e+00
-1.163148691556151887e-01

-2.117616647072520624e-06
-2.874548794470598735e-07
1.382857020588612591e-06
9.671079141160315862e-01
6.986692215690495922e-03
-1.572352434784344763e-03
5.058407257670930607e-03
2.274958371881860911e-03
1.678857773897382121e-03
1.208761048232086743e+00
-3.685727930481945136e-01
-3.327526537327463174e-02

-4.354391028430662295e-06
1.991103795776836135e-06
-1.789741886565803923e-06
9.154714315125507262e-01
5.783733226779420866e-03
-8.726280483683655949e-04
1.052409940144732187e-02
1.452906719974670496e-03
1.768327097554717219e-03
9.676729704997893977e-01
1.697046381268509041e+00
-3.752013935112497641e-04

1.094383075650948467e-07
4.897271024194977270e-07
4.283003758716359465e-07
-5.753438315745762921e+00
-1.288516155362782155e-02
1.584155584709611092e-03
6.063709766268966100e-02
-6.518655814926654956e-04
3.063098079756519307e-03
-1.796044992995670952e+01
-6.647397449169695882e+00
-8.830900714400801571e-03

-3.818099770816074141e-07
1.024627758929130296e-07
1.955857820604315575e-07
-1.634803703811772664e+02
-1.253046808843559790e-01
3.364351721722724786e-02
-5.475642001261548514e-02
2.676003353267584345e-02
7.509218759749446137e-02
-1.460257567528379070e+02
-1.975481997910036398e+02
4.729426699287493374e-01

1.042355628948380889e-05
8.620087921500690890e-06
1.494390549685611876e-07
9.666828495934892684e-02
-1.342710460940889916e-01
8.121930908500050658e-03
-2.925370357732991547e-02
2.089717113125679447e-03
9.573055898525355267e-03
2.975493488909146667e-01
-5.717024784458681896e-01
-1.137619854496054461e-01

-1.986968722316126163e-04
-1.123771070176667834e-03
-4.521945019230264170e-05
1.127071269007286380e+00
-6.232775040278590653e-03
3.245898264680914112e-04
4.832926295104063123e-03
-3.099569733020242883e-05
4.815394013240832172e-05
-1.237405452560571134e-01
-1.418616494424601582e-01
6.799711057313953012e-03

2.910692354733975584e-06
-4.391151349967060592e-07
1.461512124662807349e-06
9.967073625140072224e+00
1.280935271587214236e-02
-5.987552969686879556e-03
2.453946795372991679e-02
7.556441227878009544e-03
1.739592453482530568e-02
2.871594580999892798e+01
-1.656546827114689258e+00
-1.948201089645167777e-02

-1.246455936506891707e-05
-3.270948059991947418e-06
-2.798989251708405928e-07
-2.287954219906488618e+01
8.706779449554663455e-04
-1.492228288730169071e-02
-2.425454381644542856e-03
7.011724226803463592e-04
-2.566438025828541789e-02
-1.497792489135501448e+00
3.476932694801664336e-01
3.591226516097836136e-02

-3.210270105753118880e-06
8.110279361648769294e-07
9.967442850525877723e-07
4.640384914883506795e+00
2.500982449635067578e-02
5.118930575257805635e-03
6.533117532922932090e-03
2.352023114678146280e-03
-3.672664743968935466e-03
8.101160096885233752e-01
-6.411315506632438987e-01
3.264783151079916207e-02

3.061348736204423773e-06
-1.025020195141740821e-05
-1.821341475109165004e-06
1.148681115742975711e+00
-1.465984861566661281e-02
1.095655116790602863e-03
1.551279613221297551e-02
1.180743169481048683e-04
1.528595985265901144e-05
-7.953759378723761486e-01
-2.719472989919244355e-02
2.030664619584044567e-02

-2.116808445355143376e-06
-3.471516149665905704e-06
-1.542194144783517935e-06
4.178893230021380134e+00
-1.256522946876720411e-03
1.160280439891491801e-03
2.606111453772588793e-02
-9.724240524466807320e-04
1.071565660982389933e-03
-5.351444930798866517e-01
-2.087685633649859707e+00
1.141400475294186527e-02

1.172416455665981207e-07
8.363468034634166932e-07
9.394800132777328787e-07
-9.558078324891569721e+00
-1.178484071833370977e-01
5.026854584407810129e-05
3.444704929680962591e-02
-3.912273344158160703e-04
2.438957914078831567e-03
1.188957129314221994e+01
1.419488727768221770e+00
-2.584848705643910324e-02

-4.338857249189466350e-06
2.403088460132091379e-06
-4.581373697205273848e-06
1.263234175906402079e+00
-3.721055666428560449e-02
-2.281226535896876267e-03
2.285359412892976755e-02
2.546576660015802043e-03
4.363746890267988397e-04
6.417277749871592996e-02
2.837635693085848398e+00
3.480565428712173968e-03

7.341757250751142856e-05
-4.172827124905053496e-05
-1.528273752289130712e-05
1.285140562856683211e+01
6.050853753114107669e-02
-2.191403000071125151e-03
1.896991638836572139e-02
1.317268776532167038e-03
1.040588235505015505e-03
-7.950141499116650801e-01
7.397106748532188192e+00
-7.203561945407822853e-02

2.451639031646926159e-07
9.483675191639083807e-08
1.121867109776129746e-06
-5.431431724381691417e+00
1.380002681538667697e-03
-2.739491686446757657e-03
7.066844748344933841e-03
1.725353599690764060e-03
-1.929505527327218762e-03
-1.353532744772738994e+01
-3.756720593050491441e+00
4.405329850799161173e-02

-3.306131682615609926e-06
-2.455270840149761902e-07
3.311277974154039266e-08
3.873396810206245267e+00
1.391156558460099162e-02
7.580875407412598389e-03
1.292111475956745324e-02
-3.815621391576075327e-03
8.713617096207326718e-03
1.384087636885799721e+00
5.339298774998804120e+00
-3.403463749794144975e-03

5.528316576446442546e-07
-5.096909306687716791e-07
-2.336342902552410761e-07
-7.946339935356802187e+01
2.111352400017459802e-02
-7.724107744725670910e-03
3.296050959782925727e-02
2.183019167792421035e-03
2.212454402729364597e-02
-4.594289427545453464e+01
-1.011111106073905574e+01
2.274818887197877781e-01

3.712526252317039234e-05
-3.597693826900129430e-05
-8.017893343039382819e-05
7.374019479726549697e+00
7.140733441926777093e-03
-2.248844502462083014e-04
-4.707343138438629601e-03
3.088262238472878202e-04
-4.946518526167326731e-04
1.898786983238732462e-01
2.040322831572041640e+00
3.495110850688046972e-03

2.235399409301172573e-05
-2.881480900278703089e-06
9.050236456935855658e-06
1.046177427142807037e+00
-8.232965841298183970e-03
2.324942978372773836e-03
5.704521485089936693e-03
3.433147103693322266e-03
1.709985000575948164e-03
1.352840496534701398e+00
3.197505706023079597e+00
-3.261086987319186323e-03

1.103750245526770805e-05
-3.060379392792289794e-06
-1.636398826626962080e-07
9.336015285320389268e+00
-5.271007554137836608e-03
1.027032743755113865e-02
4.662824766665574910e-02
9.204082497426565798e-03
-8.111797382150199090e-03
-6.455202048048840346e-01
2.739498772597519949e+00
1.788527646467391596e-02

3.940165813118460479e-05
-7.191201334928827571e-07
4.388972990316893971e-06
1.054538731482673297e+00
-1.125479659678774039e-03
-1.963713397681747085e-03
1.550195756368960391e-03
2.578671475440463736e-03
3.542949980759643302e-03
1.054826163149474194e+00
-1.924256238503311081e-02
-4.220016760405913628e-03

-9.380144590014218459e-07
7.349428231737117627e-06
4.207518314711553519e-06
1.994131264697389838e+01
-2.019806441370942257e-02
2.790440165524505495e-03
5.755056892741323982e-02
-1.051061923394194927e-03
4.869433921189682095e-03
-2.235160755107790109e+00
-1.282463402775956496e+01
2.782690306451914355e-02

2.669189801093739926e-07
1.365687082772797919e-07
7.574588033914932880e-08
-8.037481568160085033e+01
-2.349517441891444680e-01
5.682203000642382451e-04
1.514051957726413739e-02
-1.167548400201162597e-03
-1.513588944617017852e-02
-4.073137566305973678e+01
-1.298257610182377420e+01
-1.184435991832005070e-01

2.014707596932788661e-06
9.546396469657403434e-07
4.112410722205166562e-07
7.247329391322269032e+01
6.578509459900369616e-02
-3.610717626205706913e-03
6.484221901646988750e-02
-8.312340568409027838e-03
3.910105522362487124e-02
3.118335263539931645e+01
-1.373633944282100394e+01
1.960769854916450949e-01

2.314120506718683111e-07
2.826560029426682285e-07
1.203485967749480395e-07
-1.869461572389347026e+01
-1.491345178578394881e-01
5.413391770538136805e-03
2.336917485674441623e-03
2.075976461672104402e-03
-5.980937574559196633e-04
-2.313447374663307698e+01
-1.066549456041444088e+01
-7.771440267087172116e-02

4.162476217684600909e-07
-1.541659772438296056e-07
8.572901131755514515e-07
-2.862032995592775908e+00
7.529681762075688019e-03
5.487464899985065696e-03
3.541012126004655647e-02
1.518924279602937213e-03
2.866788923706123197e-03
1.629366034604156299e+00
5.435514946930499747e-01
-1.719996336104311768e-02

2.820391550626242478e-05
2.434003508352346572e-06
-6.539529135928851400e-06
-1.747407840904502629e+00
-1.523995426210081501e-02
6.010359058121872823e-04
5.243209459312971749e-03
-2.746595254835570293e-03
4.899513733209157512e-05
-5.013366061668113050e-01
-8.778620658314577330e-02
2.827783111290547904e-03

1.405665076541748395e-06
1.077705284996643079e-06
5.637628017102648235e-07
6.328699777042332109e+00
1.393394525030256133e-02
5.296782068452268906e-03
7.904232876626524074e-02
-5.692940877786408296e-03
3.848066633518026913e-03
1.176000216412966148e+00
-4.858743013520388843e+00
8.462389409890325523e-03

-3.734100415586788939e-07
-4.429668458701177637e-07
-3.068063596014878432e-07
1.022124387181230221e+00
-1.128281381585884563e-01
4.993033505770086422e-03
-9.845218991871617156e-04
-8.644690603375021455e-05
3.293155122711314501e-03
7.860680124016761194e-02
-2.126182493853679134e-01
-1.125262814725623006e-01

-3.501664364600140821e-06
1.146060937665904895e-06
-1.900880764518697967e-06
2.367902582785958288e+01
1.103643213157783597e-02
1.485280017289360328e-03
6.869451621809301300e-02
1.236075626797718784e-02
2.694320092492194507e-03
6.956798117171331342e+00
6.416569708340998102e-02
9.655760286235177264e-03

-2.966622373553171652e-06
-6.422352338777735723e-06
-7.815085174802619350e-06
-2.418210595627581228e+00
-6.085712148376479572e-03
7.184617178202915878e-03
6.565268871381964300e-02
-1.704764644891101346e-03
1.791215924383647616e-03
1.676515078038792339e+01
2.837193176516335313e+01
-1.074693514374774478e-01

1.064904075546804524e-04
-1.081338540754958525e-06
-4.553484476254481433e-06
4.159174011574236829e+00
1.584251731604865640e-02
-8.596825450173263897e-03
3.844708953929086722e-04
-1.645368297178487682e-03
-7.623400278109381673e-03
9.153603776268197656e-01
9.562426768032231683e-01
9.911179689797045434e-04

2.464859535782997433e-06
1.953262834456659674e-06
3.151540446652991032e-06
-1.539077096439680936e+01
2.963265143198967957e-03
5.611459552067415285e-03
6.550582038451696620e-02
-4.968448154191847967e-03
3.028973808882139129e-03
1.185541453148331392e+01
1.109971188095290096e+01
-4.766680511617100990e-02

-7.432981942561626802e-05
-1.531039681568872348e-04
1.229007640700580974e-04
1.250154611948791850e+00
4.013713215494421616e-02
1.584262030701911626e-03
-5.839458734126845747e-03
3.276224790409080849e-04
2.045779537402732298e-04
9.533919451487852248e-01
-1.798801074831819502e-01
-1.044525789926695550e-02

-4.496724875853033537e-06
-7.631851943355535549e-05
2.154975206872226001e-05
3.090559623743649453e+00
-7.127873327726998165e-03
7.985649384213969659e-05
1.060068547297765736e-02
1.219853172394672449e-04
1.070339013459690406e-03
9.952040875640596473e-01
4.094037015505671562e-01
-2.011845810548762090e-02

-6.693314434685851037e-08
1.946363732958166745e-07
-2.384068639914992544e-06
1.692740240368512730e+02
9.923825639909397700e-02
5.153627826053305654e-03
7.075198620122133408e-02
1.205545530650791461e-03
-3.632703079368624884e-04
7.494434210571753852e+01
-2.891143842382604490e+01
-7.307682483901176314e-04

1.791333614424783444e-07
3.065097434013141954e-08
2.654584494546807030e-07
-3.685184524282752783e+00
-1.121856761947344766e-01
6.980082491011348200e-03
5.501087365187960591e-03
5.268010776982252029e-03
2.093789673718257811e-03
-2.752167157290737798e+00
2.464054722384978025e+00
-1.484468905942403771e-01

3.527886342797529522e-07
-2.246759229563054132e-07
-6.363467281414809122e-07
-2.563027084898701702e+01
8.338736235283070175e-02
1.282881090158300048e-02
9.119556782214571777e-02
6.362162317127760883e-03
4.841878355089150772e-03
-1.224217133883806241e+01
-1.741845200486906009e+01
5.941204505159617538e-03

-3.268487756460077777e-08
1.058099690649915601e-08
-4.224676542498662065e-07
2.342639320683835535e+02
4.717511958064809531e-03
8.529505641268080030e-03
1.041941718170628223e-02
9.164359407163010299e-03
4.585420806172413322e-03
8.000112954884248495e+01
1.158676664933957312e+02
-9.065703713201272995e-02

1.500263054536019366e-07
3.629683777784771470e-08
-1.901457822037965150e-07
8.381281677200336233e-01
-1.107306613411053325e-01
8.082440386494535792e-03
2.378740727874833344e-02
-6.176125694330661733e-03
6.040438871939397825e-03
3.471223405178217813e+00
-2.182744860337877679e-03
-2.234746010145437778e-01

8.677445754324501076e-05
8.661708461222328889e-05
1.386936822370086149e-05
4.953723791439072599e+00
1.038817043313218155e-02
8.745841493908335096e-03
1.697463626025329415e-03
-3.727390998599147405e-05
4.319983779953278074e-04
1.532510513782119610e-01
3.406779606418631090e+00
-1.181557473969849503e-01

-7.200358046385164710e-07
1.016160191637684909e-07
-6.768940989607145206e-07
2.318624894178832996e+00
1.239008041667846727e-02
6.634013721428307087e-03
1.464560034167153649e-02
1.923789293919078930e-03
3.084710768363284512e-03
1.050169288608429063e+00
-1.076598909813318294e-01
-3.014807181239346698e-02

5.938782860080227629e-08
1.482184545339967577e-08
2.196634319036226640e-07
1.061147899038799807e+02
-5.819392908723731300e-03
1.210883084701841819e-02
1.492923640994895870e-02
8.310110352899682459e-03
4.261453338099341175e-03
-1.696431774383519908e+01
5.451185307499240906e+00
-1.990521666699431869e-01

-1.844366051556130506e-07
-6.125210942257820646e-07
-2.181142011320102007e-06
2.347376205151511463e+00
3.299105357352545564e-02
3.573062816956445314e-03
6.304807665802028473e-04
1.946134272452636107e-04
-1.030502082547601330e-03
2.878616887411707292e+00
1.422786281937181485e+00
9.670481723823919074e-03

2.317808191270754111e-07
1.076601807341945039e-08
3.182679444238432267e-07
-9.229361464349723487e-01
-1.189715132833835676e-01
3.526912528340550232e-03
7.539438505541922429e-03
6.792069389570492589e-03
3.168661832179879827e-03
-2.841207144714978372e-01
-4.235624650422080251e+00
-1.113093405975232458e-01

-3.228074395900272073e-07
5.364366268699532827e-07
1.180886925408222762e-06
7.892277792573146655e+00
2.014105955031431777e-02
-8.256751537497544627e-04
1.096874038056784746e-02
1.891364839934477635e-03
-2.432051518936496383e-03
5.300432822914634023e+00
4.498759621496960293e+00
2.427356700362774677e-02

2.152878490239910295e-03
1.510536546251066122e-03
1.982431950146724666e-06
1.169452354145592787e+00
-1.373261893487157936e-01
-1.262745336640638339e-03
2.483081314849355098e-02
-2.111510182915689142e-03
1.215889055507972556e-02
3.956579512765364542e-02
7.680629954176443818e-04
1.882648140072064324e-02

1.044200923225475592e-05
9.332492892700314195e-06
1.533174970329307867e-07
-2.350360274375602743e-01
-1.284705883408731042e-01
6.309839412480489247e-03
-7.261790723597539264e-03
5.019571864337447767e-04
8.649615628191695965e-03
2.544693709900178735e-01
-6.108230450740094186e-01
-9.522945213491530725e-02

6.308084898627867476e-07
1.592331270573916087e-07
-3.748405737758862039e-07
-9.958043344059372970e+00
-1.665115000328863670e-02
9.848076674335171782e-03
-1.140377864406982335e-02
-1.542863078669867499e-03
9.309435217945351455e-04
1.590409933012968180e+00
-9.281483429597031654e-02
-1.061759878529006523e-01

2.876458726293828081e-08
3.551354826438745415e-07
4.603622007983153319e-07
7.191770279895188800e+00
1.183307047796977596e-02
8.163485733958442472e-03
8.096805952098364012e-02
-1.570308841461849007e-04
4.080319242553225555e-03
-2.074264028144573668e+00
-1.185149807005884348e+01
1.777605916414142732e-03

3.442911400314034030e-07
3.003835096455242498e-07
-2.324156938768667111e-08
-1.555246150414193984e+01
2.959761676985183613e-03
1.072638924549819059e-02
8.123182599066894674e-03
-3.155355164732014800e-04
-9.538533769647377161e-03
-3.636269477310589693e+00
-3.267766418350036162e+01
-2.435882862943282157e-01

2.227948861130094824e-07
-2.271631547979297744e-06
3.868250387810852365e-06
1.261917926800598000e+00
-1.193311122230399438e-02
-1.025453603054520914e-05
9.415581776170200501e-05
-1.649000642519323303e-04
4.774635604982757956e-04
2.127807201209959587e+00
1.286036297113999360e+00
-2.281636116205698790e-03

2.881091324441374586e-06
-9.207770625428562693e-07
8.624204379833790701e-06
3.293314397435437968e+01
1.832717680321458570e-02
1.543858753459766532e-03
1.535566769587303447e-02
2.403036696847274650e-03
-4.370502885240987352e-03
-4.803641733470006159e+01
-1.540828999950676526e+01
-9.813875790725668652e-03

1.732483606631061215e-07
2.668564985648713410e-07
-1.751228952840443298e-06
1.014922118200838241e+02
1.553462796975204827e-03
7.585338784613797391e-04
9.537153186269485550e-02
-2.786167276651597014e-03
4.786745167050650512e-05
4.583173883251063074e+01
-3.599913553115554521e+01
-4.213257913049069797e-02

1.260932589451765628e-07
2.684745767817229590e-08
2.373390067928804903e-07
3.428671307630107634e+01
1.030199863688905162e-02
1.196868331583149196e-02
-3.671384631306354174e-03
5.100446816393745808e-03
4.093620098865016071e-03
-7.170424991468467901e+00
1.614349127216598567e-01
-1.818751507006888812e-01

-5.412525354882024641e-07
-2.198992566828158687e-07
-4.191702129144696760e-07
7.415220060037174266e-01
9.860349907678908621e-03
7.102926225423518251e-03
4.675394494942999163e-03
-1.340563236174836326e-04
8.951675165204796975e-04
-2.029010898078500436e+00
-3.603683395944793144e+00
-8.553972544275546819e-02

1.577489105497599942e-07
-7.243694823993465416e-08
6.016097342411955299e-07
-1.007305776906934369e+01
1.595418522216449043e-03
-3.369518135067138195e-03
-1.936174236702150817e-02
3.084777320603135538e-03
2.656120639189373401e-03
-7.190150547483998844e-01
1.362856785726288678e+01
-6.339255209855566842e-02

