4.107686479999999736e-06
1.110844130000000055e-05
1.730335449999999991e-05
-2.724830760000000011e-05
4.323986170000000039e-05
9.590234370000000051e-06
2.118793099999999899e-05
4.277261510000000038e-06
1.443341770000000084e-05
-1.250291319999999873e-01
-1.409049310000000110e-01
-3.207777710000000180e-05

3.120826469999999927e-06
1.300883539999999910e-06
1.009090349999999980e-05
-1.248722699999999936e-01
-2.116788500000000003e-05
-1.370766869999999960e-05
-1.791961870000000084e-05
-4.124675590000000092e-05
-6.120068860000000188e-05
-3.750315599999999860e-01
9.978314120000000287e-01
8.142936420000000143e-05

4.630351280000000045e-06
1.082737729999999927e-05
1.582746939999999877e-05
-3.738584420000000066e-05
4.338919509999999914e-05
9.536740610000000244e-06
2.405419549999999852e-05
4.306402219999999975e-06
1.534027719999999978e-05
-1.250274459999999865e-01
-1.428409119999999866e-01
-2.834330770000000058e-05

4.505467649999999645e-06
1.302317900000000015e-05
9.720680880000000051e-06
4.113398840000000319e-05
-4.584146470000000090e-06
6.250002910000000056e-06
7.225371759999999854e-05
-3.086642849999999919e-07
2.378437440000000081e-05
-1.250962850000000015e-01
-1.271851069999999917e-01
-9.483912049999999403e-06

7.123338109999999595e-06
1.205188630000000046e-05
6.611893920000000140e-06
-8.306236260000000524e-04
2.953257739999999793e-04
1.276530430000000034e-05
2.713500489999999760e-04
-8.042598440000000144e-06
1.860986320000000151e-05
-1.246989730000000046e-01
-1.425553649999999895e-01
-6.137070790000000208e-06

8.002666510000000329e-06
1.305667430000000023e-05
6.430961149999999813e-06
-8.397070900000000492e-04
3.065788429999999972e-04
9.184302909999999219e-06
2.654691620000000055e-04
-8.845410490000000619e-06
1.732730490000000136e-05
-1.247109510000000004e-01
-1.269461899999999865e-01
1.320678179999999954e-06

1.331887190000000064e-05
8.210241819999999419e-06
1.144224059999999937e-05
-1.251218879999999867e-01
-1.309761240000000069e-04
-1.345763289999999919e-06
-1.117457360000000007e-06
-9.821981760000000054e-06
-1.720684039999999848e-05
-1.247712690000000041e-01
-1.429002000000000050e-01
-5.155234410000000307e-05

8.896166920000000758e-06
1.162255400000000033e-05
9.127995110000000788e-06
-1.988626549999999819e-03
-2.875488630000000130e-05
8.605967809999999336e-06
-7.994082900000000480e-05
3.350233729999999875e-06
3.228363380000000017e-06
-1.248298209999999936e-01
-1.426160499999999942e-01
2.382615179999999914e-04

7.329452079999999687e-06
1.283643990000000078e-05
4.556201270000000261e-06
2.205034919999999986e-04
-2.562453409999999898e-04
1.576754969999999968e-05
1.268011700000000062e-05
1.219443980000000004e-06
8.107381259999999867e-06
-1.249467499999999953e-01
-1.272374440000000051e-01
2.519779589999999797e-04

8.744919239999999398e-06
7.472270639999999814e-06
1.022884830000000052e-05
-1.251369260000000094e-01
-1.034149999999999984e-04
1.893654509999999873e-05
2.035953849999999979e-04
-1.841913559999999993e-05
2.618974149999999866e-06
-1.250204510000000047e-01
-1.428983610000000015e-01
-5.883820550000000026e-05

1.566593910000000103e-06
1.246700739999999998e-05
1.452313719999999933e-05
-8.284590349999999999e-04
8.921782939999999722e-05
1.760865650000000067e-05
1.933463650000000070e-04
4.290175679999999787e-07
2.188219410000000052e-05
-1.244393609999999983e-01
-1.430514910000000028e-01
1.368983700000000016e-05

6.368633099999999684e-06
1.365887649999999967e-05
4.480148620000000287e-06
2.108813720000000068e-04
-2.483079270000000021e-04
1.516651740000000083e-05
2.861486300000000156e-05
-2.784376459999999813e-07
7.847401969999999766e-06
-1.249618400000000046e-01
-1.272648899999999916e-01
2.427567800000000051e-04

4.860298649999999839e-06
1.201864400000000080e-05
8.177084859999999739e-06
-4.712294270000000361e-06
4.805152619999999827e-06
7.643627640000000281e-06
8.923885679999999613e-05
-6.292779449999999909e-07
2.509610700000000099e-05
-1.250786610000000076e-01
-1.427614690000000019e-01
-3.408364410000000124e-06

7.854609339999999725e-06
8.696923769999999307e-06
1.285890339999999945e-05
-1.251012579999999930e-01
-1.536553370000000003e-04
9.401486140000000656e-06
1.309536790000000021e-04
-1.048981549999999982e-05
-5.585353009999999718e-07
-1.250852600000000037e-01
-1.428992890000000127e-01
-6.850423569999999744e-05

4.346720700000000370e-06
1.199031770000000047e-05
1.825091160000000146e-05
-4.267916039999999992e-05
4.511222279999999783e-05
8.144130949999999492e-06
1.476325579999999950e-05
3.985104100000000232e-06
1.360485489999999942e-05
-1.250300199999999917e-01
-1.272406949999999870e-01
-3.381059510000000246e-05

-8.524398500000000137e-06
-8.841967880000000592e-06
3.715704400000000138e-06
-3.528964889999999745e-05
5.540808729999999650e-06
-5.594350370000000008e-05
4.226357149999999838e-05
2.930388700000000020e-06
8.240370869999999486e-06
-1.250040600000000002e-01
-1.427996440000000034e-01
2.799127389999999738e-04

-2.857674030000000211e-06
1.528586030000000003e-06
1.464470109999999906e-06
-1.954509560000000038e-03
5.022722559999999883e-06
3.377998550000000218e-05
-1.799136979999999953e-06
-5.711674659999999862e-06
-1.807025119999999927e-04
-9.604529040000000378e-03
9.821225220000000533e-01
-3.668651350000000214e-05

1.398013999999999961e-05
9.512380200000000781e-06
-8.871976339999999229e-06
1.521357169999999974e-05
1.233395560000000071e-04
1.125537870000000008e-05
-5.320552210000000258e-05
4.000163339999999834e-06
2.151216160000000009e-05
-1.250675619999999932e-01
-1.408585290000000101e-01
-5.828963499999999744e-06

4.694480879999999791e-06
1.543099870000000094e-05
1.667227339999999882e-05
9.732377870000000599e-06
8.003833240000000646e-06
1.055026119999999946e-05
-2.455760030000000166e-05
-2.647161529999999828e-06
9.537646100000000745e-06
-1.249843769999999937e-01
-1.272397259999999974e-01
2.181507849999999975e-04

6.135382790000000200e-06
7.584944580000000358e-06
1.374189669999999998e-05
8.296633750000000345e-04
-2.689339760000000116e-04
1.000149309999999983e-05
-2.494371100000000252e-04
8.764814830000000143e-06
8.197449830000000197e-06
-1.252869279999999919e-01
-1.424932700000000052e-01
-5.202784290000000289e-05

8.056385239999999461e-06
1.206777029999999931e-05
9.396138180000000560e-06
2.082548870000000085e-04
-3.849371019999999762e-05
9.610103150000000316e-06
-6.873907820000000365e-05
2.042897260000000181e-06
5.069946029999999839e-06
-1.250778610000000124e-01
-1.428766399999999992e-01
2.473569939999999937e-04

7.593033780000000118e-06
9.573840110000000583e-06
2.935695790000000048e-05
-1.250942499999999902e-01
-1.331354119999999988e-04
-5.992827820000000324e-05
1.238101380000000064e-05
-4.514269599999999968e-06
-7.584072140000000314e-07
-1.250028629999999918e-01
-1.429003070000000042e-01
-2.083886789999999883e-05

7.416981579999999981e-06
8.641760279999999910e-06
9.850197030000000601e-06
-1.249983110000000008e-01
-2.685920569999999952e-04
1.193004639999999988e-05
8.956292560000000068e-05
-7.338576439999999586e-06
-2.245558959999999932e-06
-1.288309129999999914e-01
-1.252918560000000070e-01
-2.119104479999999943e-04

1.174137230000000067e-05
9.882109610000000563e-06
4.082884489999999760e-06
-1.251571240000000085e-01
-1.062822919999999952e-04
1.495814330000000035e-07
2.507921940000000044e-05
-1.203822749999999906e-07
-3.520875799999999918e-05
-1.248189410000000027e-01
-1.429008740000000111e-01
-6.977230650000000394e-05

7.599573379999999624e-06
1.349288269999999952e-05
9.781461310000000756e-06
2.208942750000000019e-04
-5.487139910000000004e-05
8.566260390000000142e-06
-7.416613199999999540e-05
1.238419780000000044e-06
6.381582190000000003e-06
-1.250643899999999975e-01
-1.272665590000000013e-01
2.376787979999999930e-04

1.299105339999999953e-05
8.674088530000000205e-06
4.076083190000000039e-06
-1.252530659999999962e-01
-1.040301050000000057e-04
1.361437579999999950e-06
-2.267709329999999910e-05
9.188306090000000414e-08
-3.693486489999999698e-05
-1.247915529999999995e-01
-1.428998340000000034e-01
-7.730670590000000115e-05

8.525069169999999674e-06
1.356228429999999995e-05
8.008452660000000287e-06
2.423256979999999976e-04
-4.473819409999999988e-05
8.163149100000000478e-06
-8.490869279999999325e-05
3.009341519999999981e-06
3.831465959999999840e-06
-1.250808399999999987e-01
-1.227985610000000005e-01
2.517548730000000105e-04

4.424672040000000393e-06
1.586464239999999849e-05
1.099859529999999950e-05
6.838227640000000335e-06
2.368470139999999957e-05
-3.646023470000000127e-06
-9.844445640000000527e-06
1.082215249999999987e-07
2.097006499999999859e-05
-1.250070460000000105e-01
-1.428187409999999991e-01
2.460464700000000011e-04

7.884611800000000315e-06
1.220925740000000062e-05
4.778574049999999968e-06
-8.425237720000000293e-04
3.185179040000000062e-04
5.376892990000000332e-06
1.942392000000000088e-04
-7.606664409999999806e-06
1.921835709999999948e-05
-1.246445749999999936e-01
-1.425727539999999960e-01
-1.030496880000000076e-05

3.279225430000000009e-06
1.714435179999999977e-06
-2.370040730000000162e-05
-1.249778450000000041e-01
2.748333830000000038e-05
-5.337498569999999825e-06
2.619267289999999864e-05
2.648554450000000085e-05
2.284774700000000004e-05
-1.327922199999999886e-01
9.821349139999999700e-01
-1.617507809999999842e-05

4.812018750000000302e-06
1.119809029999999953e-05
1.354776400000000082e-05
-2.925821379999999890e-05
4.327047559999999975e-05
9.236155960000000097e-06
2.108443480000000013e-05
3.904355350000000287e-06
1.637114030000000076e-05
-1.250172270000000085e-01
-1.408998919999999988e-01
-3.845632070000000241e-05

3.580999309999999930e-06
1.126385989999999965e-05
1.111325419999999985e-05
4.551872419999999893e-06
-1.813539539999999860e-05
1.121710069999999929e-05
7.461618119999999677e-05
1.635879579999999914e-06
2.265112289999999864e-05
-1.250452629999999898e-01
-1.427406290000000078e-01
-4.956510419999999830e-05

7.373638080000000080e-06
1.210609399999999943e-05
1.202724579999999993e-05
-1.600255439999999881e-05
1.308887350000000017e-04
3.883734859999999587e-06
-3.933438969999999849e-05
5.458037479999999676e-06
1.041713189999999985e-05
-1.250560029999999989e-01
-1.408428899999999984e-01
2.054229119999999923e-06

1.519821369999999975e-05
6.385812269999999742e-06
-1.461692989999999938e-05
-2.281527369999999895e-05
3.207859310000000060e-05
7.893869089999999396e-06
1.974686420000000205e-06
4.042623940000000076e-06
8.920692960000000708e-06
-1.250092339999999969e-01
-1.272693799999999875e-01
2.581243779999999911e-04

7.211160300000000076e-06
1.299185750000000049e-05
4.168793690000000411e-06
2.675778789999999738e-04
-2.772786630000000042e-04
1.685549509999999940e-05
2.323951109999999835e-05
1.439422999999999932e-06
6.972834100000000000e-06
-1.249807019999999991e-01
-1.272426359999999923e-01
2.468038759999999980e-04

2.737776910000000168e-06
8.485463910000000488e-07
2.940966729999999852e-05
-7.798087109999999982e-03
-1.128917909999999941e-05
8.039354419999999675e-07
-1.634773390000000077e-04
-9.283420549999999503e-07
1.677097219999999913e-05
9.923569899999999944e-01
8.554631000000000318e-01
1.148023409999999957e-04

2.996879539999999952e-06
1.531712589999999894e-05
2.025018699999999911e-05
2.178482149999999866e-04
-4.869942839999999966e-05
8.202394969999999774e-06
-6.502581829999999402e-05
-2.571891699999999850e-06
1.108617709999999935e-05
-1.250993589999999933e-01
-1.409376169999999873e-01
2.313495750000000033e-04

5.169515769999999622e-06
1.386063930000000059e-05
1.309801899999999925e-05
-8.223660530000000525e-04
2.826257720000000038e-04
1.654962789999999990e-05
1.960720869999999936e-04
-1.497347530000000090e-06
1.377775989999999942e-05
-1.246259420000000034e-01
-1.269467619999999908e-01
-6.431173950000000097e-06

1.223673140000000049e-05
9.387868050000000293e-06
1.031830189999999965e-05
-1.251266109999999987e-01
-1.403435450000000122e-04
1.209293079999999894e-06
-1.555480539999999897e-05
-5.526520839999999730e-06
-1.989883169999999933e-05
-1.248521689999999990e-01
-1.272643770000000119e-01
-1.434683419999999913e-04

1.135967860000000014e-05
8.506080389999999983e-06
8.777190480000000625e-06
-1.250947809999999882e-01
-1.862581930000000059e-04
2.020022509999999846e-06
3.523719040000000111e-05
-8.254567629999999388e-06
-1.384574450000000033e-05
-1.250343770000000021e-01
-1.428985919999999910e-01
-7.616020410000000568e-05

1.046819530000000031e-05
1.101710309999999975e-05
-4.959059420000000269e-06
-1.619492060000000077e-05
-1.074200700000000064e-05
1.585250709999999849e-05
-7.618098029999999799e-06
-2.776197459999999989e-07
-3.799265010000000116e-06
-1.249987639999999983e-01
-1.272334730000000136e-01
2.880076829999999905e-04

6.678942650000000041e-06
1.402167150000000032e-05
1.072629290000000019e-05
2.216940319999999894e-04
-6.143204080000000638e-05
8.851451220000000375e-06
-6.558116720000000115e-05
-1.287658279999999879e-07
7.792343340000000007e-06
-1.250722700000000132e-01
-1.272630590000000117e-01
2.356726910000000064e-04

8.751602550000000345e-06
1.042007929999999943e-05
-5.052600650000000154e-06
-1.251002479999999972e-01
-2.341943150000000095e-05
-2.841413260000000008e-05
-4.276791219999999692e-05
4.491587940000000205e-06
3.215295729999999915e-06
-1.250045110000000126e-01
-1.428979479999999969e-01
-7.865149150000000421e-05

7.853808949999999733e-06
1.250579890000000043e-05
8.587164820000000418e-06
4.960683620000000083e-06
4.519629779999999923e-06
1.266438350000000011e-05
1.514074970000000087e-06
-5.261458629999999582e-07
4.327938780000000168e-06
-1.249986020000000003e-01
-1.409170110000000087e-01
2.554040669999999859e-04

1.004008169999999992e-05
1.041246219999999993e-05
4.958116890000000084e-06
3.018366669999999859e-05
-6.119686290000000070e-06
2.069819170000000111e-05
2.476849229999999801e-06
4.558826020000000240e-06
-5.545539379999999801e-06
-1.250123370000000012e-01
-1.428705429999999887e-01
2.116113040000000090e-04

5.793252039999999748e-06
1.254016950000000055e-05
7.510381969999999730e-06
-8.439251150000000095e-04
1.808215850000000026e-04
1.176060910000000008e-05
2.404522080000000034e-04
-5.257562940000000100e-06
2.205520229999999879e-05
-1.245835799999999993e-01
-1.406102969999999952e-01
1.207541790000000060e-05

1.206453279999999983e-05
9.503068469999999883e-06
5.563629099999999657e-06
-1.251619890000000013e-01
-1.003935450000000034e-04
-5.592029739999999930e-08
1.118161220000000018e-04
-1.001740109999999934e-05
-2.644995740000000134e-05
-1.249271559999999975e-01
-1.428997340000000005e-01
-4.547326679999999695e-05

9.807133689999999692e-06
1.212524200000000028e-05
5.526029799999999795e-06
-1.250991150000000107e-01
-4.385087179999999738e-05
-3.090323470000000010e-05
-1.488738869999999921e-05
9.603386319999999431e-08
1.757064169999999918e-06
-1.250113230000000075e-01
-1.428972139999999946e-01
-7.227606669999999897e-05

6.873350359999999627e-06
1.606191630000000143e-05
9.607990990000000729e-06
2.202234899999999890e-04
-6.569630290000000653e-05
4.296961759999999884e-07
-2.374457019999999877e-04
4.582902899999999710e-06
2.879616210000000069e-06
-1.248957460000000019e-01
-1.272678260000000006e-01
3.037997069999999900e-04

1.049326379999999995e-05
1.248537129999999958e-05
7.241590749999999950e-06
-6.126641910000000212e-03
5.405756490000000161e-05
9.078702100000000418e-06
1.503515249999999970e-05
4.885661810000000036e-07
-2.337685370000000162e-06
-1.234482100000000027e-01
-1.291490040000000117e-01
2.735371790000000101e-04

1.281273080000000008e-05
9.954377289999999503e-06
1.860024669999999896e-05
-1.251715780000000056e-01
-1.589915150000000119e-04
-1.725813050000000009e-05
6.584580910000000192e-05
-1.939116519999999991e-06
-2.682058590000000043e-06
-1.242084690000000019e-01
-1.318860709999999936e-01
-8.105815229999999941e-05

8.012633960000000531e-06
1.365653570000000078e-05
8.799459069999999322e-06
2.574202150000000204e-04
-4.154138420000000120e-05
7.916869860000000741e-06
-9.128828460000000403e-05
2.552124309999999977e-06
4.096919430000000078e-06
-1.250948550000000048e-01
-1.272754080000000065e-01
2.475969330000000047e-04

-1.176079340000000074e-06
-1.103749549999999997e-05
-1.803672819999999942e-05
1.525480290000000099e-04
-1.704540000000000048e-04
1.356745740000000060e-05
-1.004703530000000043e-04
-2.644865720000000031e-06
1.198974290000000078e-05
-1.248683859999999979e-01
-1.428923790000000138e-01
2.786145409999999991e-05

9.205470540000000492e-06
1.191877629999999929e-05
1.586322959999999981e-05
-8.397607390000000251e-04
3.211798169999999838e-04
1.159529029999999972e-05
6.612236030000000111e-05
1.306745309999999952e-06
3.848117490000000183e-06
-1.245195209999999941e-01
-1.430686230000000059e-01
5.233955660000000506e-07

8.549736549999999456e-06
1.135237209999999994e-05
4.790855409999999979e-06
2.820945900000000140e-04
-2.750689139999999830e-04
1.655128899999999846e-05
-5.498229529999999819e-05
5.120227930000000006e-06
1.006579439999999942e-05
-1.249421530000000002e-01
-1.272737080000000132e-01
2.379549009999999969e-04

1.087343089999999980e-05
1.260376079999999961e-05
5.395091420000000027e-06
2.175371700000000130e-04
-2.690537229999999847e-04
-1.025944039999999957e-05
3.345405800000000055e-05
1.515453079999999984e-06
-1.372969050000000071e-05
-1.249654349999999997e-01
-1.272668000000000132e-01
2.349066830000000122e-04

5.644748530000000000e-06
1.373011849999999982e-05
8.393765509999999614e-06
-3.955782869999999911e-04
1.642442169999999951e-04
9.559776030000000015e-06
1.982159520000000030e-04
-4.147980820000000232e-06
2.146211289999999967e-05
-1.249016170000000064e-01
-1.249842699999999945e-01
1.349394669999999882e-07

1.376481889999999943e-05
8.959810700000000447e-06
1.469486519999999966e-05
3.118765060000000099e-03
-1.359157740000000131e-04
-8.833127759999999238e-06
-1.166851219999999954e-05
-1.274842390000000093e-06
-1.288337789999999921e-05
-1.246434990000000048e-01
-1.430088939999999975e-01
-1.879088439999999926e-05

7.617815590000000160e-06
1.238368099999999938e-05
5.719235559999999629e-06
-4.508778320000000092e-04
1.905850620000000019e-04
8.029099240000000550e-06
1.694624969999999908e-04
-6.456655099999999703e-06
2.351636509999999988e-05
-1.248865559999999958e-01
-1.248969310000000027e-01
-8.406381969999999961e-05

1.279093530000000037e-05
1.005718299999999935e-05
3.747863830000000021e-06
-1.251279869999999961e-01
-1.675712609999999993e-04
3.953915379999999842e-06
4.453988850000000215e-05
7.077195640000000467e-07
-3.726731420000000300e-05
-1.250217469999999886e-01
-1.272690059999999901e-01
-6.602443819999999808e-05

5.284646050000000160e-06
9.975294420000000532e-06
1.714873440000000009e-05
8.869092320000000439e-06
5.815750839999999839e-06
1.789885079999999841e-05
-8.452922519999999523e-05
4.131431570000000226e-07
5.574213099999999589e-06
-1.249076340000000035e-01
-1.408631710000000092e-01
1.048686890000000103e-06

3.235082209999999793e-06
9.938811010000000372e-06
1.724934719999999944e-05
8.458290059999999579e-04
-2.748925199999999788e-04
7.136428070000000370e-06
-1.860036870000000072e-04
9.591851870000000125e-07
1.184537230000000002e-05
-1.253692429999999913e-01
-1.269503800000000016e-01
-2.522161370000000020e-06

6.831063789999999850e-06
1.172227999999999985e-05
4.792063539999999703e-06
2.787632809999999756e-04
-2.812788949999999876e-04
1.778974690000000041e-05
7.526068379999999893e-06
1.346810609999999911e-06
9.095643910000000040e-06
-1.249828989999999945e-01
-1.429040410000000094e-01
2.438590990000000084e-04

5.310493079999999693e-06
1.268699019999999985e-05
1.076093799999999953e-05
-2.455718290000000119e-05
5.045765239999999816e-05
6.857894999999999669e-06
2.264238139999999970e-05
2.083032490000000124e-06
1.840474619999999919e-05
-1.250220949999999998e-01
-1.272430099999999897e-01
-3.441705069999999729e-05

1.248509090000000056e-05
1.031869890000000065e-05
8.139134379999999488e-06
4.151788299999999783e-04
-1.531056739999999956e-04
-1.117394549999999932e-05
-7.064213010000000624e-05
5.364469119999999845e-06
-2.015244849999999971e-05
-1.246015909999999977e-01
-1.426181529999999975e-01
1.793914160000000088e-05

5.088740139999999579e-06
1.257852629999999920e-05
1.268548759999999984e-05
-2.409506699999999880e-05
4.786923570000000273e-05
6.980431910000000038e-06
1.481899749999999974e-05
2.919718490000000129e-06
1.661514019999999882e-05
-1.250144219999999862e-01
-1.272397299999999953e-01
-2.986237410000000108e-05

4.518678060000000070e-06
-5.205387109999999575e-07
4.811226739999999791e-06
-1.040284240000000082e-02
-1.303969260000000011e-06
1.214657369999999994e-04
8.607586449999999310e-06
9.502636479999999642e-06
1.713417639999999947e-04
8.697947550000000305e-01
-1.197833960000000003e-01
1.304992870000000037e-03

-6.832517199999999941e-06
-1.240480860000000008e-05
-6.525050400000000074e-06
-8.525090529999999975e-04
2.841080760000000058e-04
1.142242660000000004e-05
2.746338709999999734e-04
-7.866806180000000614e-06
1.934719019999999920e-05
-1.247235760000000027e-01
-1.430561850000000024e-01
1.646989450000000129e-05

7.936601310000000262e-06
1.320442589999999966e-05
7.127743010000000336e-06
-8.385282119999999716e-04
2.943740860000000062e-04
8.474202650000000196e-06
2.064467900000000096e-04
-6.330561760000000200e-06
1.597136970000000072e-05
-1.246174129999999963e-01
-1.269508619999999977e-01
1.136166330000000027e-05

3.632238520000000109e-06
1.334634890000000037e-05
1.036979740000000011e-05
-5.903654380000000014e-06
-1.442799419999999989e-05
7.061547459999999858e-06
9.973733629999999794e-05
-9.052133769999999588e-07
2.465272019999999989e-05
-1.250687879999999863e-01
-1.272058670000000002e-01
-3.066534080000000160e-06

2.986108149999999797e-06
1.434233580000000015e-06
1.744219369999999922e-06
4.688073479999999710e-02
-8.786355379999999775e-06
-1.161924520000000013e-05
-4.435064289999999955e-06
-5.754201059999999930e-06
-1.691541569999999964e-04
7.991753129999999358e-03
9.821466570000000340e-01
-3.588381579999999740e-05

8.143457930000000535e-06
1.320961109999999973e-05
8.950477939999999284e-06
2.303560079999999967e-04
-4.175044730000000270e-05
9.105704729999999916e-06
-7.868958489999999350e-05
2.264397369999999857e-06
4.610430509999999863e-06
-1.250628950000000073e-01
-1.272660369999999985e-01
2.303724909999999991e-04

8.822657540000000809e-06
1.254948370000000046e-05
5.552525329999999971e-06
-9.213159039999999631e-05
-3.356963610000000136e-05
1.674119100000000029e-05
7.091437899999999571e-05
-8.201200340000000317e-07
1.408696690000000018e-06
-1.249301040000000002e-01
-1.269468420000000042e-01
2.453334000000000049e-04

7.357854680000000240e-06
1.367888350000000030e-05
8.467860610000000748e-06
-8.400615029999999612e-04
3.095846780000000107e-04
1.033115480000000065e-05
1.779196050000000104e-04
-3.961306319999999720e-06
1.337618930000000051e-05
-1.246142890000000031e-01
-1.269506290000000093e-01
2.753334630000000012e-06

6.107865049999999639e-06
9.784031679999999559e-06
1.453726029999999927e-05
8.682385360000000442e-04
-2.840344139999999838e-04
1.627026649999999949e-06
-2.901776909999999733e-04
8.533032790000000020e-06
4.720496120000000276e-06
-1.252955199999999936e-01
-1.430623970000000078e-01
2.718899619999999813e-06

3.886443310000000372e-06
1.291854960000000042e-05
1.953181869999999872e-05
-8.184517419999999500e-04
2.959192919999999822e-04
2.190364660000000029e-05
1.791736020000000073e-04
5.602535449999999992e-07
1.311169090000000063e-05
-1.246259559999999961e-01
-1.269519400000000131e-01
-1.063955840000000046e-05

9.815976869999999864e-06
1.251384510000000006e-05
5.213205639999999616e-06
-1.251600770000000085e-01
-9.850919339999999590e-05
-3.072547380000000152e-05
9.785008820000000397e-05
-6.372049370000000302e-06
9.011937549999999268e-06
-1.242116810000000043e-01
-1.318714199999999892e-01
-7.364092160000000207e-05

8.246887509999999561e-06
1.237838870000000002e-05
-1.258926610000000017e-05
-1.251214320000000046e-01
-1.832276309999999987e-04
-1.669531010000000154e-05
-1.096628490000000039e-04
1.987558439999999838e-06
4.994086369999999651e-06
-1.248876839999999988e-01
-1.428981940000000062e-01
-7.410548849999999568e-05

5.084423500000000093e-06
1.407607339999999986e-05
1.061248330000000044e-05
-8.430398399999999674e-04
2.915584969999999955e-04
1.686954210000000154e-05
2.819811109999999861e-04
-4.196528949999999743e-06
1.687913790000000142e-05
-1.246906309999999962e-01
-1.269409699999999863e-01
1.806158520000000052e-06

-1.439362490000000068e-05
-8.346782370000000492e-06
1.406791540000000040e-05
1.004301289999999917e-05
3.725961779999999748e-05
1.170904200000000078e-05
-1.475833780000000054e-06
4.746909710000000100e-06
8.244072299999999446e-06
-1.250004749999999998e-01
-1.272368359999999921e-01
2.022545299999999881e-04

7.599053110000000172e-06
8.464764760000000746e-06
9.877831400000000085e-06
8.497742219999999524e-04
-2.754990219999999793e-04
1.027059979999999967e-05
-3.007268359999999870e-04
1.421969970000000060e-05
7.304669850000000239e-06
-1.252591540000000114e-01
-1.425295380000000112e-01
4.247119189999999904e-06

6.203513880000000357e-06
1.244895580000000033e-05
4.542809379999999662e-06
1.994073399999999935e-04
-3.153783399999999983e-04
1.609093950000000010e-05
6.850641909999999541e-05
-1.232244600000000038e-06
1.051139869999999979e-05
-1.249384320000000020e-01
-1.428972279999999873e-01
3.054005709999999918e-04

7.871769319999999417e-06
1.095776050000000064e-05
4.224845820000000384e-06
-1.990641239999999933e-03
-2.615343380000000116e-04
2.430488480000000078e-05
5.645345699999999986e-05
2.042661930000000121e-06
4.375229490000000092e-06
-1.247449870000000016e-01
-1.425793740000000087e-01
1.930459579999999997e-04

1.693847600000000157e-05
8.370319390000000387e-06
9.486903290000000462e-06
-1.250959379999999899e-01
-1.463540339999999879e-04
-2.079110620000000119e-05
-8.418967980000000007e-05
6.262341479999999861e-06
-3.243590859999999706e-05
-1.248704699999999973e-01
-1.428998099999999882e-01
-6.846171359999999391e-05

8.549352360000000661e-06
1.224295140000000024e-05
5.750396189999999978e-06
2.660768499999999833e-04
-6.938882459999999737e-05
1.005122239999999952e-05
-7.476969679999999861e-05
5.039510799999999990e-06
2.183952820000000083e-07
-1.250852560000000058e-01
-1.428813140000000093e-01
3.211203239999999948e-04

6.647004689999999917e-06
1.287716200000000036e-05
5.727507990000000193e-06
-2.659528910000000083e-05
4.356984349999999982e-05
1.362676679999999997e-06
3.354314599999999992e-05
-1.855846589999999897e-06
2.791354709999999982e-05
-1.250190549999999901e-01
-1.272366719999999951e-01
-4.193269480000000234e-05

5.091712040000000363e-06
9.421735039999999987e-06
1.177530209999999930e-05
8.414318549999999595e-04
-2.707382529999999873e-04
1.042970110000000046e-05
-2.755093829999999953e-04
6.634561230000000153e-06
6.200024519999999939e-06
-1.252802510000000091e-01
-1.430588620000000089e-01
-6.521731579999999701e-05

-7.799082790000000042e-06
-1.317508389999999990e-05
-7.377416509999999835e-06
-8.076213029999999935e-04
2.600667469999999831e-04
7.549803299999999809e-06
1.674002560000000103e-04
-4.674173509999999907e-06
1.630609099999999831e-05
-1.246705409999999958e-01
-1.269317000000000084e-01
1.289426770000000051e-05

1.542923359999999908e-06
1.014173329999999991e-06
5.168391470000000118e-06
-3.593594170000000143e-01
-8.918864489999999323e-05
6.344494659999999887e-07
4.340306160000000085e-05
1.481236910000000083e-05
2.939285339999999893e-05
9.874776330000000213e-01
1.382236690000000046e+00
4.393465139999999701e-06

7.814534580000000814e-06
1.229554969999999971e-05
9.476046650000000018e-06
2.249470759999999941e-04
-4.081037890000000244e-05
1.001396200000000040e-05
-6.260152900000000634e-05
1.532701770000000022e-06
5.548611299999999606e-06
-1.250991800000000043e-01
-1.409414290000000070e-01
2.447965080000000086e-04

1.290140440000000055e-05
8.619034979999999391e-06
-1.168338680000000021e-05
-3.429085179999999942e-05
4.135506879999999847e-05
1.026018030000000057e-05
-1.347260749999999923e-05
5.432168899999999686e-06
6.647371829999999755e-06
-1.249631370000000019e-01
-1.270292329999999914e-01
2.519021560000000016e-04

3.046519019999999931e-06
-9.012667369999999284e-06
4.462645439999999761e-05
-2.041732749999999874e-01
1.714468930000000009e-05
-7.006503439999999352e-05
4.007669519999999819e-05
5.999087910000000274e-06
1.159294770000000024e-05
8.598376859999999899e-01
-9.385534230000000533e-02
8.412650990000000413e-05

6.884384620000000217e-06
1.352918460000000004e-05
8.309247519999999582e-06
-8.190612180000000474e-04
3.058345719999999907e-04
1.287279699999999994e-05
2.544448890000000174e-04
-6.159385830000000325e-06
1.602328149999999893e-05
-1.247077429999999959e-01
-1.269450599999999985e-01
-1.742037739999999902e-06

-1.350074479999999964e-06
-1.668525219999999998e-06
3.423024650000000020e-05
-9.157231230000000000e-02
-3.362936240000000278e-05
1.480099550000000045e-05
-7.451390000000000498e-05
9.166930700000000253e-06
9.333844030000000160e-06
-1.351666009999999973e-01
8.935451789999999672e-01
1.571394809999999916e-06

1.181675669999999930e-05
9.186276209999999501e-06
6.204301290000000275e-06
-1.251379430000000015e-01
-1.747239869999999871e-04
-1.004151629999999932e-06
2.167825640000000154e-05
-4.369324279999999808e-06
-2.259341270000000029e-05
-1.249749879999999952e-01
-1.428958160000000088e-01
-6.930533960000000507e-05

4.455009609999999618e-06
1.188833790000000001e-05
9.811645210000000526e-06
8.651511589999999995e-04
-3.076714559999999964e-04
9.686171789999999213e-06
-2.552165589999999930e-04
3.203603410000000002e-06
9.747409609999999972e-06
-1.252741199999999888e-01
-1.274469769999999891e-01
1.058169329999999968e-05

8.737780720000000800e-06
1.198431639999999996e-05
5.955418679999999765e-06
-8.418071750000000316e-04
3.180888790000000192e-04
4.461052030000000211e-06
1.862850919999999944e-04
-7.190460479999999809e-06
1.580388499999999853e-05
-1.246360460000000003e-01
-1.425508819999999899e-01
6.262695750000000236e-05

5.203361399999999759e-06
1.491161020000000025e-05
1.206393770000000062e-05
7.820028800000000801e-06
1.174703450000000057e-05
1.139694270000000041e-05
5.585538319999999596e-07
-2.574390049999999982e-06
7.215810430000000368e-06
-1.249945999999999974e-01
-1.428547900000000093e-01
2.860771570000000016e-04

2.758665670000000141e-06
1.018145219999999924e-05
1.662653710000000029e-05
-1.490892759999999997e-02
-2.665023070000000106e-05
8.643658689999999791e-06
5.447992310000000115e-05
3.915292179999999605e-06
1.745236039999999947e-05
-1.341710489999999867e-01
-1.581905160000000032e-01
-1.976005969999999984e-05

7.442612629999999976e-06
1.134855820000000006e-05
1.083693939999999931e-05
-7.420506999999999798e-04
-4.328103570000000149e-06
-2.128519719999999994e-06
3.647504460000000094e-04
-1.159893359999999994e-05
9.992923609999999532e-06
-1.246231859999999969e-01
-1.411921070000000111e-01
-5.984922590000000240e-05

2.536920500000000155e-07
1.617495559999999959e-06
-3.060444369999999878e-04
7.187481089999999684e-01
2.540574309999999850e-07
4.765714810000000107e-07
3.546277959999999921e-07
-2.178650849999999898e-07
1.078691030000000010e-06
1.031249560000000010e+00
1.035283090000000072e+00
2.866940230000000168e-07

2.032832019999999994e-07
1.259068380000000011e-06
-2.401273860000000026e-04
-2.656261280000000169e-01
-2.141696480000000116e-07
1.805004840000000064e-06
-2.370282319999999806e-06
-1.091260180000000010e-06
1.019106069999999903e-06
1.030859739999999913e+00
1.051658140000000019e+00
-7.549216589999999692e-07

1.889157819999999937e-06
1.081150360000000052e-06
1.966068929999999853e-06
8.906770590000000487e-01
-1.215369399999999945e-04
1.867372629999999930e-06
-8.028907260000000320e-05
8.313310879999999327e-05
1.891969119999999973e-04
1.265644060000000071e+00
1.000323979999999890e+00
2.338234759999999960e-04

1.753022629999999915e-06
1.160585020000000032e-06
2.356089310000000167e-06
8.593380229999999509e-01
-9.951556889999999662e-05
6.390638299999999871e-06
-7.097072330000000584e-05
6.729042750000000059e-05
1.480943530000000078e-04
1.265654339999999989e+00
1.015930699999999964e+00
2.373205450000000021e-04

1.107146720000000024e-06
1.696435350000000088e-06
-7.931133029999999759e-05
7.474075199999999974e-06
7.203099599999999938e-06
-1.163301859999999912e-06
-2.571467030000000010e-07
4.488876369999999960e-06
7.724323669999999990e-07
1.031334079999999931e+00
1.000059070000000050e+00
-1.172929950000000039e-06

1.880883449999999960e-06
1.042722289999999952e-06
2.177663799999999894e-06
8.907589390000000273e-01
-6.944811600000000049e-05
-4.321932290000000104e-06
-4.245119639999999988e-05
8.394641339999999504e-05
1.668551799999999999e-04
1.265628690000000001e+00
9.978232900000000294e-01
2.443542960000000220e-04

1.626187110000000030e-06
1.176603620000000096e-06
1.772592649999999997e-06
8.593697850000000527e-01
2.362570199999999944e-06
4.394507560000000342e-06
-1.251888010000000060e-04
5.781937449999999761e-05
1.645136040000000008e-04
1.265686679999999953e+00
1.017898160000000107e+00
2.440389089999999968e-04

1.788620959999999920e-06
1.112209670000000052e-06
1.876210739999999922e-06
8.749994840000000496e-01
-8.698418519999999519e-05
4.333094179999999709e-06
-7.111162560000000338e-05
7.208623789999999332e-05
1.829183400000000096e-04
1.265674409999999916e+00
1.017898320000000023e+00
2.355522089999999887e-04

6.104658079999999737e-07
1.478813750000000042e-06
7.387245520000000350e-07
-3.749256369999999783e-01
1.130405649999999940e-04
-1.694841990000000101e-04
5.630231369999999978e-06
3.215553430000000189e-05
-1.329087850000000028e-04
1.265604210000000007e+00
1.283681529999999960e+00
-4.324691999999999772e-03

-2.457884540000000160e-08
-3.706462610000000294e-08
6.877636179999999546e-07
1.071002149999999959e-05
7.520124320000000015e-03
-5.867142589999999481e-04
-5.740549229999999470e-04
-5.795311750000000511e-04
-5.964618490000000300e-04
1.002414460000000007e+00
9.979349680000000333e-01
1.216862309999999954e-02

5.020484609999999485e-07
1.493100109999999919e-06
2.417342939999999937e-07
-2.133583340000000106e-01
-8.499517050000000504e-04
-6.050291939999999808e-05
3.718139059999999840e-05
5.157348209999999914e-05
-1.690846009999999932e-04
1.801092109999999913e+00
9.822070450000000008e-01
-4.678923710000000395e-03

6.850346729999999978e-07
1.483279659999999963e-06
6.850389960000000093e-07
-2.501262200000000102e-01
6.667636279999999971e-05
-1.337682269999999982e-04
-1.331835549999999934e-04
2.188984720000000016e-05
-9.674382450000000404e-05
1.250008049999999926e+00
1.285912010000000105e+00
-4.248939010000000148e-03

1.551523259999999979e-06
1.170720859999999934e-06
1.275458650000000040e-06
8.593925719999999657e-01
-1.426386299999999954e-05
-5.313778089999999775e-06
-1.488698659999999961e-04
4.536929680000000140e-05
1.961345530000000023e-04
1.265713080000000046e+00
1.017904469999999950e+00
2.794368620000000107e-04

-1.288098339999999908e-06
-1.286593599999999965e-06
-1.083717639999999928e-05
1.339192289999999952e+00
6.883203900000000100e-05
-1.496137099999999943e-05
-9.171027739999999861e-04
6.919127799999999582e-05
2.514631470000000050e-06
8.831551760000000417e-01
9.019712859999999832e-01
8.975327429999999703e-05

1.398050220000000059e-06
1.230702730000000085e-06
-7.655696919999999868e-07
9.593821319999999578e-04
1.487314890000000073e-05
-8.211921309999999855e-05
2.505734810000000105e-05
-9.783516179999999412e-06
-1.364541310000000108e-07
1.001000090000000009e+00
1.015788139999999951e+00
-2.526588619999999875e-03

1.805767209999999993e-06
1.104692200000000067e-06
2.257555469999999820e-06
8.751774650000000433e-01
-7.169075019999999446e-05
-3.666121740000000232e-07
-7.419599039999999815e-05
7.478118390000000626e-05
1.545289070000000029e-04
1.265535770000000060e+00
1.000306059999999997e+00
2.435221929999999916e-04

1.724931940000000024e-06
1.139891489999999924e-06
1.983798339999999871e-06
8.750302779999999947e-01
-9.144469040000000124e-05
1.243988639999999948e-06
-1.039503339999999995e-04
6.842538139999999826e-05
1.656831359999999911e-04
1.265663879999999963e+00
1.015932569999999924e+00
2.429396250000000093e-04

4.014494510000000052e-07
-8.395506030000000403e-08
5.280787559999999884e-07
2.239954350000000066e-02
8.029918420000000528e-03
-6.720186929999999708e-04
-6.523820029999999499e-04
-6.317534889999999780e-04
-6.477155449999999785e-04
1.000677519999999987e+00
1.006162430000000052e+00
1.498843759999999962e-02

1.833057030000000057e-06
1.083045389999999953e-06
2.314619589999999952e-06
8.751531500000000463e-01
-1.898912920000000006e-05
4.914507420000000361e-06
5.150168770000000262e-06
7.270025200000000123e-05
1.565662569999999945e-04
1.265711959999999969e+00
1.015396540000000014e+00
2.446058449999999915e-04

1.724986000000000038e-06
1.129120269999999962e-06
1.375486890000000091e-06
8.749949860000000301e-01
-1.223375649999999966e-04
4.447708299999999823e-06
-9.491037589999999451e-05
5.929447910000000039e-05
2.246822789999999978e-04
1.265644929999999890e+00
1.015925919999999927e+00
2.486069569999999822e-04

1.708667759999999987e-06
1.139092720000000091e-06
2.217953779999999820e-06
8.750831279999999879e-01
2.784669189999999870e-05
5.938705370000000203e-06
-7.668155720000000009e-05
6.613159580000000141e-05
1.464633380000000015e-04
1.265659359999999900e+00
1.017899799999999910e+00
2.462324209999999813e-04

1.678517730000000049e-06
1.125041669999999991e-06
2.144118160000000166e-06
8.594836620000000371e-01
2.471583650000000129e-05
-4.409598509999999882e-07
-9.837279470000000604e-05
6.579228229999999576e-05
1.419436339999999937e-04
1.265658500000000020e+00
1.017588490000000068e+00
2.375873919999999927e-04

1.788787559999999903e-06
1.136471029999999989e-06
2.278077810000000025e-06
8.750543859999999619e-01
-8.680267119999999874e-05
5.872069290000000268e-06
-6.880475420000000644e-05
7.101053310000000245e-05
1.566192590000000078e-04
1.265648349999999978e+00
1.015949580000000019e+00
2.365830560000000012e-04

9.683894840000000915e-07
1.784792000000000038e-06
9.325188569999999715e-07
9.999635850000000437e-01
1.342277199999999970e-04
2.600954959999999790e-04
-7.435829280000000359e-06
-5.962437499999999950e-06
-1.765703380000000031e-05
1.250014530000000068e+00
1.000019240000000087e+00
1.265116400000000059e-07

-1.344921080000000055e-06
-1.315760320000000020e-06
-1.504522659999999989e-06
7.656073479999999654e-01
-7.259883919999999843e-06
5.286623389999999850e-06
-3.563028230000000232e-05
2.420835090000000121e-05
1.470699480000000042e-04
1.281357810000000041e+00
1.029266000000000014e+00
2.501336880000000007e-04

1.746434370000000078e-06
1.135635489999999969e-06
2.334478380000000189e-06
8.593433259999999629e-01
-9.488437100000000316e-05
1.409374809999999899e-06
-7.185617999999999682e-05
6.893734929999999694e-05
1.457164969999999915e-04
1.265652489999999908e+00
1.015931469999999948e+00
2.443880339999999780e-04

1.556666179999999989e-06
9.044750900000000396e-07
-7.860684529999999971e-07
-1.699243779999999870e-01
-2.418813479999999889e-05
-3.100306300000000014e-05
2.538232049999999862e-05
9.159198940000000297e-06
-2.408141290000000016e-05
9.846739159999999824e-01
1.050392320000000046e+00
-4.034412010000000201e-03

2.125659050000000144e-06
1.097549440000000064e-06
5.690731649999999822e-06
7.343903339999999780e-01
-1.856954100000000050e-04
-1.169262170000000039e-07
8.122112120000000133e-05
5.196048229999999718e-05
5.939396619999999771e-05
1.028566389999999942e+00
1.053579440000000034e+00
1.193358749999999952e-04

9.061763139999999487e-07
1.452026980000000069e-06
-1.674960869999999991e-06
-2.383511130000000033e-01
-1.799872220000000106e-05
1.182091430000000039e-04
-1.082905870000000075e-05
1.046590980000000001e-05
9.942858379999999500e-06
9.843820349999999886e-01
9.977638199999999680e-01
8.988630920000000361e-07

1.288954010000000105e-06
-3.224610140000000158e-07
-5.065272550000000235e-02
-3.520425959999999854e+00
-6.193955850000000312e-10
6.470360929999999778e-09
2.018693719999999921e-07
2.489437850000000098e-08
2.485033479999999837e-08
-2.570373790000000103e+00
8.229003459999999492e-01
-1.535882779999999880e-07

-5.109973220000000163e-09
-1.083629200000000065e-08
1.073609509999999986e-08
4.862143100000000118e+01
1.161809080000000050e+00
-1.958901789999999837e-02
-6.273265499999999828e-02
6.239263590000000345e-03
-4.262390499999999666e-02
6.372953150000000022e+01
5.378936629999999752e+01
1.062210279999999951e+00

8.543161539999999349e-08
1.388722679999999938e-07
-9.664895800000000009e-03
5.858892069999999563e+00
-4.486080620000000026e-07
2.455620420000000056e-10
2.699207680000000042e-07
1.391088410000000073e-08
6.118553120000000385e-09
8.789650189999999697e+00
9.951355389999999801e+00
-3.357712529999999875e-08

-4.769789989999999954e-07
-2.409730099999999799e-07
-5.820675899999999681e-02
-5.433431820000000023e+00
1.219160729999999915e-07
8.517632399999999196e-09
1.307800240000000048e-08
-1.292839470000000011e-08
-6.008745769999999931e-09
5.941512629999999850e-01
5.341161610000000337e+00
2.409798250000000116e-08

8.272327189999999295e-06
1.202301250000000079e-05
6.915661919999999634e-06
2.602291419999999848e-06
1.094245000000000058e-05
1.495232939999999989e-05
2.090886079999999909e-05
-8.138198679999999621e-08
1.482324420000000047e-06
-1.249948589999999998e-01
-1.428655970000000108e-01
2.476412599999999872e-04

8.311299819999999291e-06
1.287997619999999956e-05
9.537338099999999867e-06
2.146359339999999956e-05
3.991820430000000256e-06
1.101253570000000035e-05
-1.025194629999999987e-05
-4.087584820000000145e-07
5.442502959999999710e-06
-1.242922109999999997e-01
-1.315391830000000040e-01
2.496126069999999816e-04

1.001372200000000055e-05
1.262181270000000076e-05
7.151125560000000416e-06
2.183095150000000019e-04
-6.843903289999999848e-05
3.992409750000000099e-06
-2.308721779999999880e-04
1.239136649999999967e-05
-2.010027880000000151e-06
-1.248866700000000052e-01
-1.272560169999999991e-01
2.535206739999999888e-04

8.753161189999999510e-06
1.318280580000000009e-05
6.424473219999999910e-06
6.059213439999999990e-06
9.411235379999999796e-06
1.290732999999999963e-05
3.108674940000000135e-06
1.035938760000000105e-06
2.173862939999999930e-07
-1.249905349999999998e-01
-1.269476579999999910e-01
2.523085870000000099e-04

5.814584590000000415e-06
1.416095349999999991e-05
9.154112080000000780e-06
-8.475424849999999705e-04
3.106698570000000076e-04
1.425454250000000007e-05
2.593784330000000003e-04
-4.863333639999999724e-06
1.597042110000000117e-05
-1.247132110000000044e-01
-1.269384189999999968e-01
-5.622309739999999696e-06

7.647678689999999206e-06
1.220093419999999991e-05
5.931351719999999857e-06
-8.415915089999999581e-04
3.209319109999999860e-04
9.531147140000000430e-06
2.657722990000000005e-04
-8.905260070000000310e-06
1.781032309999999906e-05
-1.247211679999999934e-01
-1.430482949999999920e-01
2.020065239999999969e-05

3.823319909999999898e-06
1.076464090000000080e-05
1.518876319999999966e-05
8.552876790000000368e-04
-3.016249689999999880e-04
3.938822300000000305e-06
-2.637555000000000194e-04
3.178612230000000048e-06
7.294407689999999722e-06
-1.252597410000000078e-01
-1.274473650000000069e-01
-4.928535320000000214e-05

1.013064600000000004e-05
1.367771319999999995e-05
6.975441339999999777e-06
2.111441730000000099e-04
-2.519733000000000020e-04
-1.395137400000000050e-05
4.216055490000000284e-05
-1.434478969999999934e-06
-8.937544819999999933e-06
-1.249566970000000055e-01
-1.272509000000000001e-01
2.490430429999999982e-04

1.008751020000000013e-05
8.091489270000000624e-06
-3.654177979999999841e-06
6.199604370000000295e-06
4.494265139999999651e-06
-6.082386419999999687e-05
-2.787267769999999997e-05
6.710345869999999681e-06
4.814964269999999837e-06
-1.249937579999999965e-01
-1.272347659999999991e-01
2.767376379999999885e-04

1.536537890000000127e-05
6.886906220000000197e-06
-1.188617490000000015e-04
-1.251332440000000046e-01
-5.316167810000000104e-05
1.098089410000000038e-05
-4.064130899999999791e-05
6.779133110000000067e-06
2.012537560000000090e-06
-1.250367460000000042e-01
-1.271872800000000137e-01
1.858535889999999953e-05

1.713657460000000058e-06
8.787099830000000557e-06
1.639143499999999937e-05
-1.258030009999999976e-01
-2.897778390000000227e-04
-9.595562509999999994e-05
-2.858555209999999848e-04
-3.510284740000000211e-06
1.606028609999999934e-05
-1.253208789999999961e-01
-1.424751780000000079e-01
1.798228120000000017e-05

1.120174439999999996e-05
9.698573870000000067e-06
6.402463949999999994e-06
-1.250044949999999933e-01
-2.715226019999999866e-04
-8.736647709999999982e-06
-6.813372680000000529e-05
3.921264629999999857e-06
-2.060948390000000109e-05
-1.324777329999999864e-01
-1.406447339999999935e-01
-1.993222119999999933e-05

1.351793250000000036e-05
7.808943909999999298e-06
4.779030689999999630e-06
-1.251571959999999983e-01
-1.090713140000000055e-04
4.948978050000000175e-06
5.755421979999999674e-05
-1.133365039999999923e-05
-3.075981419999999797e-05
-1.247844699999999946e-01
-1.428917829999999944e-01
-6.507136049999999699e-05

9.206715129999999914e-06
9.432771840000000050e-06
6.160208530000000143e-06
-8.598966660000000170e-04
2.700164270000000128e-04
4.131569869999999724e-05
2.965049070000000137e-04
-1.650359149999999908e-05
-2.159040529999999847e-06
-1.246727019999999964e-01
-1.430432779999999959e-01
1.458459230000000053e-05

7.383830600000000394e-06
1.116181199999999992e-05
4.894976739999999625e-06
2.719739969999999799e-04
-2.767922260000000071e-04
1.811718740000000082e-05
1.218323520000000083e-07
2.008622509999999837e-06
1.012197580000000013e-05
-1.249780379999999996e-01
-1.429005530000000135e-01
2.467408099999999745e-04

6.391905820000000097e-06
1.443369680000000065e-05
7.943478949999999503e-06
-1.060370180000000081e-03
3.710911980000000101e-04
1.347520900000000063e-05
3.254059910000000168e-04
-7.635494690000000002e-06
1.557733449999999844e-05
-1.246204580000000034e-01
-1.274591009999999913e-01
1.509790909999999945e-05

7.751684760000000451e-06
1.209178169999999926e-05
-9.668192170000000215e-06
-1.251260800000000006e-01
-1.715614410000000059e-04
-4.699057970000000251e-06
-7.905452749999999863e-05
4.073147129999999668e-06
-1.321923449999999979e-05
-1.248534500000000047e-01
-1.428498490000000010e-01
-4.648775449999999784e-05

9.469372520000000608e-06
9.799288129999999433e-06
2.796221240000000064e-05
-1.249896040000000041e-01
5.551769729999999866e-05
8.198162750000000318e-06
1.030115559999999944e-04
-9.666372939999999991e-06
-2.399680960000000046e-06
-1.250625409999999993e-01
-1.428130689999999869e-01
-3.665413649999999844e-06

9.276974650000000444e-06
1.113647359999999997e-05
5.130447949999999703e-06
-2.426010800000000025e-05
3.616967330000000130e-05
2.254593590000000063e-05
1.804378830000000027e-04
-5.795154280000000182e-06
-1.255426919999999904e-06
-1.249251789999999973e-01
-1.406673169999999862e-01
2.438770960000000057e-04

7.961701669999999854e-06
1.435664159999999918e-05
1.182535099999999960e-05
-9.421654320000000249e-06
5.849909120000000232e-05
9.669098460000000229e-06
-2.331801329999999804e-06
-1.400292419999999991e-06
4.831320999999999749e-06
-1.249947720000000040e-01
-1.271768679999999985e-01
2.547556969999999893e-04

7.927695270000000342e-06
1.185129439999999952e-05
6.949714800000000040e-06
-8.307365390000000108e-04
3.104380800000000173e-04
1.057908520000000059e-05
1.949991869999999925e-04
-5.853770999999999591e-06
1.533728029999999979e-05
-1.246246569999999998e-01
-1.425801130000000083e-01
3.304890040000000194e-06

2.879947899999999850e-06
-1.617279990000000004e-06
1.102306820000000023e-05
3.514889959999999841e-02
5.379110249999999580e-06
7.901454610000000804e-06
-5.490723979999999960e-06
-2.815220299999999945e-05
2.782075960000000050e-06
-2.538952230000000032e-01
9.957875189999999543e-01
7.037699839999999818e-06

8.886427069999999469e-06
1.236888839999999970e-05
7.471002529999999777e-06
2.287137910000000009e-05
2.859895749999999883e-05
1.016691099999999926e-05
-3.013122820000000026e-05
1.945554040000000204e-06
-7.478297839999999512e-08
-1.250081130000000040e-01
-1.428945689999999991e-01
2.870882680000000266e-04

-1.193743580000000053e-05
-9.298913539999999591e-06
6.149981349999999885e-06
1.038908939999999986e-05
1.061207910000000042e-05
1.176198999999999951e-05
8.459017460000000049e-06
1.449316530000000023e-07
-2.940453219999999871e-07
-1.249992320000000018e-01
-1.269662029999999997e-01
2.925820370000000131e-04

5.896883909999999685e-06
1.336608930000000038e-05
9.108112589999999386e-06
-4.049215650000000002e-04
1.772019259999999994e-04
1.052736060000000043e-05
1.481288620000000000e-04
-2.218153949999999817e-06
1.850083989999999859e-05
-1.249021889999999968e-01
-1.249000450000000012e-01
-2.658090979999999903e-05

8.416972569999999439e-06
1.155895540000000063e-05
5.351874119999999671e-06
-8.194956590000000230e-04
2.951023640000000037e-04
6.858077570000000196e-06
2.043313079999999949e-04
-8.207331160000000555e-06
1.878206049999999957e-05
-1.246341239999999989e-01
-1.425742030000000105e-01
-2.446874050000000126e-07

3.669725599999999893e-06
1.051576880000000051e-05
2.123756660000000141e-05
-2.291493350000000143e-05
5.223822090000000327e-05
1.056289499999999977e-05
1.994604250000000140e-05
4.723628109999999662e-06
1.255276540000000018e-05
-1.250131040000000138e-01
-1.428744899999999929e-01
-3.977186420000000260e-05

3.444943060000000177e-06
1.128523780000000071e-05
-1.242110810000000055e-05
-1.249401269999999980e-01
1.550646030000000077e-04
-1.692588490000000072e-05
8.735805730000000360e-05
-3.468253990000000072e-06
-1.225226429999999924e-05
-1.250180260000000043e-01
-1.405273390000000011e-01
-5.811646979999999970e-05

1.724995670000000007e-05
8.677562410000000373e-06
9.365240620000000102e-06
-1.251512320000000011e-01
2.331881580000000166e-05
-1.267467909999999995e-05
4.043358759999999934e-05
-1.029093069999999999e-05
-3.552946710000000059e-05
-1.249740649999999953e-01
-1.428909800000000008e-01
-5.663035639999999848e-05

1.251801049999999981e-05
5.584897400000000404e-06
1.219942170000000083e-05
-1.249878479999999986e-01
-1.306495390000000033e-04
1.162231539999999963e-05
-4.480698429999999745e-05
-2.989016020000000187e-06
-1.341883440000000044e-05
-1.287319560000000085e-01
-1.249372879999999936e-01
-2.381167519999999988e-04

7.459550089999999701e-06
1.270859480000000037e-05
7.673534019999999625e-06
3.120269539999999841e-07
-2.940918519999999925e-06
1.890504490000000093e-05
1.769453339999999875e-04
-7.106058700000000140e-06
9.729745179999999346e-06
-1.251729799999999893e-01
-1.272587530000000022e-01
2.510774840000000127e-04

1.563287499999999896e-06
1.630509519999999907e-06
8.290545039999999557e-07
3.124441869999999843e-02
1.659758589999999853e-05
2.236246880000000009e-04
-2.473280430000000053e-06
-7.426368500000000461e-07
2.489832869999999878e-06
9.687593450000000495e-01
9.642029549999999727e-01
-1.419602189999999951e-04

8.238914170000000378e-06
1.112203059999999960e-05
-6.282646890000000259e-06
-1.251935499999999868e-01
-1.268948369999999980e-04
-2.426313059999999903e-06
1.342598850000000008e-05
-9.100418319999999899e-07
-2.334305969999999925e-05
-1.248301450000000035e-01
-1.429002179999999955e-01
-5.244292810000000051e-05

-2.061128810000000164e-06
2.333749330000000043e-05
1.869139180000000021e-05
-2.880403459999999999e-05
3.244073849999999789e-05
3.113125079999999812e-06
9.158600749999999406e-06
-8.722533809999999746e-07
-1.224600009999999924e-05
-1.250353720000000057e-01
1.781744559999999880e-02
2.496064759999999769e-04

5.335191690000000318e-06
9.624430289999999255e-06
9.913123789999999272e-06
3.079369450000000042e-06
1.361244329999999910e-07
3.077006169999999994e-05
3.256836399999999960e-05
-2.952894280000000140e-06
8.961373489999999631e-06
-1.250078000000000022e-01
-1.428650939999999980e-01
-2.485500350000000131e-05

7.450483570000000399e-06
1.242283869999999923e-05
-6.409514419999999581e-06
-1.251389320000000083e-01
-1.296905370000000092e-04
2.720520970000000089e-06
-7.944716060000000081e-05
-5.722656329999999630e-07
-2.465484229999999953e-05
-1.268167129999999976e-01
-1.426189489999999949e-01
-7.190600589999999711e-05

1.449639409999999916e-05
1.270510120000000067e-05
1.817549299999999990e-05
-1.251569889999999963e-01
-1.533946570000000061e-04
-2.922660959999999993e-05
3.585736149999999792e-05
-2.786849149999999931e-07
-8.166224080000000795e-06
-1.249455540000000003e-01
-1.429037619999999897e-01
1.790438320000000094e-05

6.910674300000000121e-06
7.310575769999999922e-06
1.438114309999999948e-05
8.677601710000000480e-04
-2.795532689999999940e-04
6.769530719999999782e-06
-2.734248290000000246e-04
1.134608689999999916e-05
5.673507979999999699e-06
-1.252719890000000003e-01
-1.430525539999999984e-01
-6.226775819999999528e-05

9.298216880000000431e-06
1.244121460000000001e-05
6.610235859999999895e-06
2.520107830000000048e-06
2.554977390000000034e-06
1.342229779999999986e-05
6.046293249999999897e-06
9.851416020000000332e-07
1.225859469999999924e-06
-1.249895969999999940e-01
-1.272529689999999936e-01
2.456319819999999861e-04

9.975506210000000752e-06
1.048481409999999987e-05
4.824852740000000260e-06
-1.950325950000000039e-03
-2.198794880000000084e-05
1.927978500000000027e-05
4.405197799999999750e-05
1.478291139999999938e-06
-2.897340160000000186e-06
-1.247654110000000066e-01
-1.425902880000000095e-01
2.472411710000000078e-04

8.307865250000000476e-06
1.208629870000000059e-05
8.086137189999999982e-06
2.119848530000000020e-04
-1.160878540000000011e-05
1.130817090000000032e-05
-4.858970709999999737e-05
2.019393750000000083e-06
2.684596709999999810e-06
-1.251352709999999924e-01
-1.428991920000000082e-01
2.492739809999999800e-04

1.165303510000000076e-05
9.690605129999999782e-06
5.657064889999999918e-06
-1.251641980000000043e-01
-1.026008889999999987e-04
7.423378070000000011e-07
1.182123559999999997e-04
-9.694722249999999724e-06
-2.543916559999999919e-05
-1.249266599999999949e-01
-1.429009739999999862e-01
-6.012053350000000313e-05

7.706648789999999362e-06
1.290083070000000020e-05
4.035306139999999968e-06
2.533449409999999997e-04
-2.870464099999999906e-04
1.577439910000000151e-05
8.203110610000000021e-07
3.049303659999999904e-06
5.952250529999999652e-06
-1.249420019999999965e-01
-1.271890579999999937e-01
2.910911580000000143e-04

3.593284559999999865e-06
1.375535540000000047e-05
1.142993449999999982e-05
2.889592719999999933e-05
6.842983719999999771e-06
6.573282639999999944e-06
9.279420469999999886e-05
-5.320930720000000217e-07
2.296392790000000047e-05
-1.251086389999999937e-01
-1.271976370000000023e-01
2.838521089999999903e-05

8.312862990000000277e-06
1.258165389999999939e-05
5.472479900000000052e-06
-7.848466820000000533e-04
3.177066510000000113e-04
8.910202380000000421e-06
1.983074120000000043e-04
-7.314618100000000250e-06
1.677425800000000144e-05
-1.247086570000000005e-01
-1.275319510000000045e-01
-7.304958600000000110e-05

8.079372929999999945e-06
1.133986719999999923e-05
-8.787454649999999751e-06
-1.250212179999999895e-01
-1.394821710000000118e-04
-4.221547709999999792e-06
-3.175443560000000082e-05
2.405942339999999975e-06
-1.684280049999999876e-05
-1.248380899999999988e-01
-1.429255359999999919e-01
-5.565925279999999907e-05

7.164764160000000004e-06
1.271150359999999969e-05
6.594430379999999581e-06
-7.744149920000000095e-04
2.683993559999999900e-04
1.246351269999999924e-05
2.451374680000000081e-04
-7.159734549999999580e-06
1.892786300000000096e-05
-1.247204940000000012e-01
-1.275216720000000026e-01
-6.770130240000000034e-05

1.179506080000000005e-05
9.476354149999999507e-06
5.355467450000000098e-06
-1.251596500000000112e-01
-1.068465339999999939e-04
1.632642440000000050e-06
1.068914599999999952e-04
-9.162373809999999375e-06
-2.649221489999999964e-05
-1.249353539999999985e-01
-1.428728860000000045e-01
-6.828886989999999563e-05

-1.129695560000000030e-05
-1.102703250000000020e-05
5.682091220000000112e-06
2.273652839999999926e-04
-6.322348770000000109e-05
1.629890250000000094e-05
-5.767678719999999739e-05
3.660386390000000109e-06
3.088158709999999860e-06
-1.250607539999999962e-01
-1.272619540000000105e-01
2.562467249999999890e-04

8.814472870000000110e-06
1.227182339999999930e-05
8.637557179999999361e-06
3.498679560000000031e-06
2.656318459999999925e-05
1.052420200000000045e-05
-7.985063550000000128e-06
1.772941170000000002e-07
3.054946329999999891e-06
-1.249976930000000069e-01
-1.409361140000000012e-01
2.786326220000000199e-04

-7.801934119999999893e-06
-1.268684229999999994e-05
-5.856989020000000401e-06
-4.738736659999999760e-04
1.913510800000000104e-04
5.773604860000000349e-06
1.671106470000000076e-04
-6.062217510000000368e-06
2.237545880000000079e-05
-1.249084460000000063e-01
-1.249169680000000032e-01
-3.215339209999999921e-05

-1.647711780000000080e-06
1.775096990000000046e-06
-4.171988210000000254e-06
6.445697609999999356e-02
1.720626349999999837e-05
-2.470597330000000126e-05
-9.900109440000000663e-06
-2.609792890000000069e-05
6.462781489999999413e-05
-2.027818710000000024e-01
9.912524270000000470e-01
-1.485150059999999966e-05

7.523314500000000117e-06
1.275245280000000018e-05
7.097166320000000220e-06
-8.347212909999999954e-04
2.762660589999999818e-04
1.178385030000000051e-05
2.869656099999999760e-04
-9.022619159999999854e-06
1.929604889999999865e-05
-1.247124970000000055e-01
-1.274330650000000120e-01
-5.101351370000000393e-06

6.082868049999999749e-06
1.208865539999999998e-05
1.270355170000000035e-05
-8.275715809999999910e-04
2.926144730000000216e-04
2.008624090000000147e-05
2.015002890000000026e-04
-2.100604169999999936e-06
1.409622119999999964e-05
-1.246375220000000006e-01
-1.269675160000000025e-01
-5.380247729999999715e-05

1.196747269999999984e-05
9.793375999999999457e-06
3.656639599999999931e-06
-1.252353220000000100e-01
-9.865835589999999856e-05
2.276238139999999876e-07
-2.686927740000000057e-05
4.200409169999999646e-06
-3.941009240000000190e-05
-1.248191760000000039e-01
-1.428884169999999898e-01
-6.712433809999999925e-05

7.913394660000000019e-06
1.200419570000000027e-05
6.151719889999999844e-06
-8.357075370000000090e-04
3.426509939999999930e-04
1.020245189999999973e-05
2.330575140000000077e-04
-8.028139750000000676e-06
1.604648689999999908e-05
-1.247081169999999933e-01
-1.430568819999999963e-01
1.248447219999999960e-06

5.285425649999999911e-06
1.123168980000000066e-05
1.060817969999999998e-05
-2.405838809999999867e-05
5.367825559999999719e-05
9.550655060000000766e-06
3.357110930000000061e-05
2.888945170000000153e-06
1.865605439999999974e-05
-1.250263550000000057e-01
-1.428566609999999959e-01
-4.449460650000000030e-05

-1.384620700000000050e-05
-7.411095619999999857e-06
9.707210809999999187e-06
1.975022509999999938e-05
1.480252570000000063e-05
-1.001811959999999980e-05
-1.136106189999999981e-05
-4.706956880000000279e-06
2.432789560000000060e-05
-1.249920880000000012e-01
-1.272573559999999881e-01
2.501468020000000209e-04

1.199944609999999977e-05
9.198408060000000749e-06
-7.285434680000000178e-06
8.852775520000000318e-06
5.650894139999999889e-06
9.969103020000000346e-06
1.282509180000000015e-05
1.082816810000000026e-06
2.106656410000000152e-06
-1.249881989999999943e-01
-1.272350050000000121e-01
2.823899709999999922e-04

8.193664890000000332e-06
1.176831930000000060e-05
8.591542829999999543e-06
2.072513579999999908e-04
-4.693776310000000016e-05
1.068023899999999985e-05
-4.954103289999999747e-05
1.623596160000000053e-06
5.783911299999999708e-06
-1.250937560000000004e-01
-1.428624669999999930e-01
2.580302710000000228e-04

2.463889259999999826e-06
1.442098649999999939e-05
1.634222109999999988e-05
2.323941460000000109e-05
1.394985690000000083e-05
6.327289839999999957e-06
6.182125770000000079e-05
8.731038160000000282e-07
1.927921310000000051e-05
-1.250810830000000096e-01
-1.271885510000000108e-01
5.877821739999999868e-05

1.179563839999999973e-05
9.322081479999999809e-06
3.948113680000000016e-06
-1.251485519999999962e-01
-1.617508309999999877e-04
2.929926160000000131e-06
3.346122210000000257e-05
-1.013673619999999947e-06
-3.170743479999999989e-05
-1.249718870000000037e-01
-1.428985409999999900e-01
-7.908910830000000485e-05

8.344138320000000383e-06
1.152207660000000001e-05
5.348600040000000063e-06
-8.334800459999999744e-04
2.778813360000000174e-04
6.557325969999999855e-06
1.850467090000000028e-04
-7.308262480000000244e-06
1.923405280000000094e-05
-1.246223780000000059e-01
-1.425691849999999872e-01
-5.059933919999999840e-06

4.788394679999999942e-06
-1.262693180000000034e-05
7.074468270000000591e-05
-1.257936990000000088e-01
-4.579206709999999818e-04
-1.015059500000000035e-05
-1.322106730000000040e-04
5.989105469999999694e-06
-6.529242700000000410e-06
-1.252084579999999947e-01
-1.430858690000000044e-01
-2.474081740000000164e-05

9.556768639999999452e-06
1.238246050000000074e-05
6.774458999999999609e-06
4.345467660000000154e-06
-4.048884330000000013e-06
1.163381239999999956e-05
-2.480037710000000181e-06
1.248902810000000048e-06
1.963014729999999952e-06
-1.249910830000000028e-01
-1.272418449999999923e-01
2.701014559999999885e-04

1.571930460000000101e-06
1.603788659999999904e-05
1.178848970000000020e-05
2.034726269999999945e-04
-2.760779129999999903e-04
3.151104910000000016e-06
2.290986800000000147e-05
5.306729600000000170e-07
1.933179460000000003e-05
-1.249696659999999931e-01
-1.272446439999999901e-01
2.438504450000000020e-04

7.582147779999999897e-06
1.204712200000000043e-05
5.567517759999999684e-06
-8.351596679999999644e-04
2.877077199999999980e-04
9.217309870000000264e-06
2.860551849999999770e-04
-9.826615069999999894e-06
2.013077919999999954e-05
-1.247195970000000015e-01
-1.430511809999999995e-01
1.498939319999999990e-05

6.978879960000000365e-06
1.463985339999999974e-05
8.401296900000000543e-06
2.039822029999999880e-04
-7.300034210000000629e-05
7.083162469999999814e-06
-6.637869900000000596e-05
3.810705560000000154e-07
6.721538659999999991e-06
-1.250594040000000129e-01
-1.272708180000000078e-01
3.081710080000000097e-04

4.078278889999999852e-06
1.109505039999999952e-05
1.401302310000000071e-05
-1.804445359999999957e-02
1.860988570000000105e-04
1.570689530000000150e-05
1.930183420000000031e-04
-2.150039030000000029e-07
1.743828379999999838e-05
-1.454337689999999905e-01
-1.397198629999999997e-01
-2.103025830000000083e-05

1.158590639999999982e-05
9.784424779999999547e-06
-7.761916099999999707e-06
-3.027281170000000059e-05
4.505129969999999861e-05
1.266823759999999928e-05
9.696297480000000836e-06
2.014008119999999923e-06
7.688953830000000433e-07
-1.249808089999999983e-01
-1.271862119999999929e-01
2.304766010000000045e-04

7.182401090000000400e-06
1.121914450000000078e-05
3.795077529999999901e-06
-1.249915540000000047e-01
-9.035688489999999613e-04
2.287123020000000164e-06
3.482159290000000004e-04
-8.744442500000000092e-06
8.639148499999999334e-06
-1.283410279999999959e-01
-1.249879359999999939e-01
2.569114650000000093e-06

6.911216920000000391e-06
9.885433349999999471e-06
3.893624259999999784e-06
-1.877235559999999924e-04
-9.761830119999999941e-04
-2.501855179999999864e-07
-1.029067479999999998e-04
7.187411320000000404e-06
5.475450570000000398e-06
-1.237165560000000053e-01
-1.432076620000000133e-01
-1.237783569999999895e-04

1.806456770000000080e-06
1.265886959999999946e-06
1.524253449999999954e-05
-2.363426809999999989e-01
9.562546459999999898e-06
2.673581610000000112e-06
1.387435359999999992e-05
7.901310819999999920e-06
1.437457680000000010e-05
1.028903890000000043e+00
1.029400180000000109e+00
9.310342550000000225e-07

3.849056510000000129e-06
1.087979079999999924e-05
1.873107510000000085e-05
-1.174389800000000070e-05
9.918921530000000827e-06
8.192058649999999599e-06
8.413239110000000817e-06
4.692618180000000064e-06
1.432381910000000023e-05
-1.249934000000000045e-01
-1.408579159999999997e-01
-2.948141980000000016e-05

7.230528479999999609e-06
1.407915070000000012e-05
1.011400170000000073e-05
9.218880830000000074e-06
4.704657199999999785e-06
1.111375810000000027e-05
-2.878214839999999759e-07
-1.545199010000000054e-06
6.334134149999999630e-06
-1.249924399999999963e-01
-1.269399880000000036e-01
2.472975729999999880e-04

7.455324649999999852e-06
1.025901889999999990e-05
7.583082459999999770e-06
-1.261498369999999869e-01
-3.216597379999999967e-04
5.827322400000000035e-06
3.689432780000000221e-04
-1.608500880000000074e-05
2.936313769999999925e-06
-1.260119550000000088e-01
-1.431525939999999941e-01
3.994170839999999908e-05

1.284153880000000077e-05
8.918224030000000571e-06
-7.416395500000000032e-06
1.248272339999999927e-05
9.778277969999999539e-06
-8.812780419999999417e-06
-2.442855689999999928e-05
1.563294499999999877e-07
2.793720710000000156e-05
-1.249862219999999940e-01
-1.271920450000000036e-01
2.506001549999999968e-04

6.386532729999999686e-06
1.138436509999999983e-05
7.782428670000000258e-06
-2.943369620000000139e-05
5.398915320000000274e-05
6.704546019999999577e-06
2.118550189999999955e-05
1.862051630000000011e-06
2.152188199999999880e-05
-1.250195580000000029e-01
-1.409068529999999986e-01
-3.487734690000000263e-05

1.225926359999999976e-05
9.058190789999999779e-06
-9.101510419999999277e-06
-1.671140389999999995e-05
3.429148530000000240e-05
1.056296060000000057e-05
2.532977630000000099e-06
3.238793900000000124e-06
3.598189530000000050e-06
-1.249955410000000017e-01
-1.271759339999999905e-01
2.506741440000000132e-04

1.271673349999999970e-05
8.765351670000000198e-06
3.346119309999999987e-06
-1.252400120000000117e-01
-1.083509530000000047e-04
4.177831710000000091e-06
7.711762120000000242e-06
3.105503700000000036e-07
-3.959818150000000254e-05
-1.248326270000000016e-01
-1.428953229999999908e-01
-7.583366830000000608e-05

1.275782299999999964e-05
7.268694579999999786e-06
-1.028210799999999957e-05
-2.634768369999999991e-05
4.655075830000000154e-05
5.714602220000000316e-06
1.445724080000000003e-05
2.556381339999999857e-06
3.355721749999999818e-06
-1.250077769999999866e-01
-1.272213010000000089e-01
3.025653840000000114e-04

7.262201410000000356e-06
1.421439379999999934e-05
8.980781149999999229e-06
2.956916260000000129e-06
2.727587959999999972e-05
1.212270859999999985e-05
-8.056632690000000712e-06
-6.749165199999999870e-07
3.354039410000000013e-06
-1.250094170000000116e-01
-1.272341519999999893e-01
2.212487779999999880e-04

9.562763879999999577e-06
1.413789180000000052e-05
5.260293730000000185e-06
-3.985051820000000322e-06
-2.063537449999999922e-05
2.896061909999999789e-06
4.195490829999999708e-05
3.298708410000000085e-07
5.678580090000000344e-07
-1.249889819999999985e-01
-1.269404359999999898e-01
5.107612370000000129e-04

4.600968659999999895e-06
9.720984919999999270e-06
1.115115350000000037e-05
1.435335349999999996e-04
-1.700962510000000058e-04
2.033002760000000034e-05
-9.138066440000000546e-05
4.325091789999999994e-08
1.221173320000000048e-05
-1.248543500000000028e-01
-1.428927909999999912e-01
1.977751309999999877e-05

1.011434790000000041e-05
9.165584950000000639e-06
1.396370110000000084e-05
-1.251016500000000087e-01
-1.489783220000000100e-04
1.137648859999999914e-06
1.040533180000000047e-04
-1.076550709999999959e-05
-3.911914709999999974e-06
-1.250651210000000013e-01
-1.428204130000000072e-01
4.411848469999999694e-06

8.169804889999999852e-06
1.282936699999999924e-05
1.067588429999999994e-05
-2.954241850000000003e-06
3.167860199999999733e-05
9.490242920000000048e-06
-1.697620470000000073e-05
-3.995102530000000264e-07
4.557436779999999779e-06
-1.250133029999999923e-01
-1.428966680000000045e-01
2.776644850000000169e-04

1.785935839999999908e-06
-1.815938839999999915e-06
-9.674443240000000225e-06
-1.229336919999999972e-01
-1.491103949999999976e-05
2.416083340000000171e-06
-1.179496200000000079e-05
-1.762369839999999963e-05
-2.287416519999999943e-05
-2.519667760000000034e-01
1.000295490000000065e+00
3.602942050000000125e-06

-1.850341480000000006e-06
1.734151610000000070e-06
7.035980569999999668e-06
-1.424220820000000054e-01
-1.176026459999999936e-05
2.076133010000000009e-06
-1.537931529999999946e-05
-2.002349000000000164e-05
-3.093418210000000178e-05
-2.519692190000000220e-01
1.000230699999999917e+00
5.660862190000000066e-05

6.891728190000000420e-06
1.355558950000000074e-05
1.384770299999999944e-05
-2.632241549999999965e-05
4.861552069999999824e-05
1.106394629999999988e-05
-4.791134029999999738e-06
-1.783764369999999897e-06
6.628543350000000064e-06
-1.249905449999999946e-01
-1.428058819999999951e-01
2.526006800000000076e-04

1.127780689999999987e-05
8.705206010000000517e-06
-7.012802529999999658e-06
-1.821109979999999928e-05
5.164570920000000038e-05
1.404323150000000083e-05
2.124735439999999982e-05
7.666455930000000007e-07
-1.350254420000000056e-06
-1.250206460000000130e-01
-1.428259239999999930e-01
2.457089159999999986e-04

1.187737439999999945e-05
9.912529830000000385e-06
3.413296880000000115e-06
-1.251159860000000124e-01
-1.729873259999999873e-04
2.565583350000000110e-07
4.882406850000000286e-05
1.218593390000000023e-06
-3.757799720000000004e-05
-1.249956269999999980e-01
-1.427550079999999888e-01
7.876217529999999929e-06

-7.275601609999999971e-06
-1.121140660000000015e-05
4.992871879999999726e-06
-1.250074499999999922e-01
5.587647699999999475e-07
-2.956590580000000083e-05
5.113419809999999686e-06
1.056339490000000051e-06
3.259818410000000191e-06
-1.250010279999999863e-01
-1.428598909999999889e-01
-1.864106370000000016e-05

7.750900090000000732e-06
1.469758480000000045e-05
6.748465349999999727e-06
-2.734549929999999975e-05
1.244051140000000042e-05
9.078543380000000644e-06
1.039076330000000081e-05
-3.718346830000000088e-07
2.164245630000000103e-06
-1.249911920000000010e-01
-1.272969840000000019e-01
3.334139719999999795e-04

5.735541489999999919e-06
1.295929290000000067e-05
7.615156000000000007e-06
-8.371536350000000504e-04
2.881199729999999988e-04
1.427891719999999949e-05
2.899995630000000131e-04
-6.169470089999999679e-06
1.865344880000000083e-05
-1.247064469999999980e-01
-1.430587590000000076e-01
1.411567340000000029e-05

1.181354679999999999e-05
5.791016379999999823e-06
1.961174110000000106e-05
-1.250142559999999903e-01
-3.506819999999999740e-05
-1.702455559999999947e-06
5.864635700000000049e-06
-1.056437960000000014e-06
-7.309098300000000222e-06
-1.562416000000000083e-01
-1.250618530000000006e-01
-2.440276450000000111e-04

4.226644850000000177e-06
1.112425259999999953e-05
1.031042450000000078e-05
1.334597830000000128e-04
-1.626301049999999936e-04
1.848811890000000044e-05
-8.352781190000000474e-05
-5.471849030000000047e-07
9.477442630000000787e-06
-1.248837399999999931e-01
-1.428642240000000119e-01
3.169432399999999806e-05

9.258947549999999466e-06
1.257762859999999921e-05
5.461906639999999694e-06
1.995547130000000044e-04
-3.496388440000000180e-05
1.440780970000000039e-05
-5.714864809999999990e-05
5.479432909999999741e-06
-2.965857879999999943e-06
-1.251054889999999864e-01
-1.272736999999999896e-01
2.338887830000000096e-04

1.171306179999999921e-05
1.470623040000000007e-05
9.923656230000000211e-06
5.846338099999999969e-06
-1.573326120000000049e-05
-2.642802119999999904e-05
8.438584840000000551e-05
-3.234191119999999859e-06
2.077445219999999930e-06
-1.250717379999999879e-01
-1.269052950000000013e-01
1.739819979999999966e-04

5.818113589999999785e-06
1.080482750000000053e-05
1.166209969999999988e-05
2.762015400000000112e-05
2.930174549999999879e-05
6.328075110000000159e-06
-6.718119759999999446e-05
6.870941480000000269e-06
1.426351290000000052e-05
-1.249330210000000052e-01
-1.427593239999999930e-01
-8.867485549999999520e-05

7.219844380000000367e-06
1.218630620000000016e-05
6.319447280000000415e-06
-8.384898630000000089e-04
2.881365060000000184e-04
1.160782360000000012e-05
2.791951739999999952e-04
-8.570102399999999718e-06
1.918208119999999841e-05
-1.247209850000000064e-01
-1.411140999999999923e-01
5.478055529999999951e-07

