5.252569432372911767e-02
6.935021702914459518e-02
6.134858954489155053e-02
1.546946687462296506e-04
7.029026137540584586e-08
4.476089719825444368e-08
-4.120524059808323126e-07
1.781172864001934591e-08
1.690126773652605045e-08
4.399763987569351528e-06
-8.032036978987859902e-05
-1.004777029822562507e-07

1.506150534884406235e-02
1.322863692810569494e-02
5.609866812838589650e-02
1.875317300912465507e-04
-2.265475036597383671e-07
-5.142355961551190925e-09
1.171246670180631179e-07
8.482429338428573554e-10
3.467489403648801920e-08
8.772430956884739528e-04
2.159896046188865412e-04
9.889883082228782909e-08

1.076000981903770881e-03
1.505666607657861434e-04
1.093942653044488872e-01
2.264161992677106092e-02
-1.376186400085083408e-07
2.675359278572687457e-08
-3.798059439591705387e-07
6.456289461384991842e-08
2.721408095132942138e-08
1.605784042416522062e-02
2.250488991382448335e-04
2.658822208664919431e-07

3.728361643973850115e-02
7.241358228517300044e-02
4.957126293918569238e-02
2.779164428255659840e-05
-7.570963380367596422e-09
2.105368928913496332e-09
5.532118468315672387e-08
-3.052699907431899323e-09
9.739213227007190267e-10
-1.622620687259162739e-04
-2.863656067914136446e-05
-2.111755910947431066e-07

2.335821943539609369e-03
-3.442595549616993961e-02
7.261223989202802986e-02
1.245484696049615168e-02
-2.888386223942303668e-06
-3.817010760432446539e-08
2.961620313045101329e-05
1.226393875101755854e-07
7.883639851711664820e-09
-2.892427897688074740e-04
1.549700968109883961e-02
3.489775565364619108e-05

-3.140309898292870799e-02
-1.755739326316283627e-02
7.777643086149808871e-02
8.844374316988703251e-05
-3.522411134597041534e-07
1.477703680217599196e-08
7.342128614204197048e-08
-1.949049204154238264e-08
-1.860303746988174668e-08
6.991863656181041486e-05
6.166637436721325702e-05
5.203321811767133852e-07

1.871445412890951343e-02
8.218652724430000264e-03
6.654329552044960239e-02
9.442518754151028035e-05
-7.267598319965707377e-08
2.523376393107327994e-08
-1.003079215669437605e-07
2.543565186198984331e-08
2.753010846331005869e-08
-5.810748239210143413e-05
-1.754887645345673390e-04
-3.193003378771366160e-07

3.077847045098315582e-03
2.076906213611776075e-02
-8.363046123577301538e-02
1.369342121753885574e-03
6.620277225711307595e-07
-5.568480813521009128e-09
1.869756215341014581e-06
-2.828373154938233925e-09
1.734170763820846194e-08
-1.033492326879380257e-04
4.888868461783354167e-04
2.685388900234442223e-07

7.528300316865853357e-04
9.959983938284908481e-03
2.595621856175930539e-02
6.882304312534808042e-04
-1.097612644212384196e-06
4.726055186074332822e-08
-5.377145092202347735e-08
1.223566012486214741e-09
5.040303840162117185e-08
1.174692126229541245e-04
-9.847710386525383719e-04
1.859281217353296149e-07

6.763617337464798707e-03
-9.147764200727040093e-03
4.432490487352948316e-02
1.509650351010047601e-03
5.299963516259513189e-07
5.789857182638549354e-08
7.097329263387692022e-07
6.514181952893051184e-08
-8.607555062834312777e-10
9.579084987781563004e-04
-1.023713068940184170e-04
3.292351622459861253e-07

8.093803094778953891e-03
2.547184620972205854e-02
-1.399215000941258502e-01
1.706114118623242037e-04
1.810570791434580792e-07
-3.652814997063648727e-08
3.979893899327767552e-07
1.308712791615198506e-09
3.378048815962296148e-09
3.359889310408020811e-04
1.353896866283566848e-04
-8.224582377465533244e-08

1.649572916918726033e-03
-1.708977229197500974e-02
7.566630330133243543e-02
-1.838596925166388445e-03
-1.434881911076614493e-06
2.621998848730055133e-08
-2.268715300660645464e-06
3.646752390153266375e-09
4.123395784816316055e-09
-9.429075877250232612e-04
3.171766491623602196e-04
-1.242898148034180530e-07

9.882870153590253559e-03
3.316188533558269563e-02
5.752937931135364280e-02
-9.838537882288264213e-04
2.669460189308725722e-08
-4.786165848004688230e-08
1.592216470707110734e-06
-3.034708555462906517e-08
-3.681835933302185367e-08
-2.656670182259979977e-04
8.873999029239585615e-04
-1.747989811040270726e-06

2.712924127466889018e-02
3.730621846390627661e-02
4.281509464452280117e-02
4.338144435926392689e-04
-6.618029114644257777e-09
1.341846265498321678e-07
-6.519347369696174242e-07
2.247818797411398977e-08
6.562605024857938525e-08
5.242131949611119690e-04
3.674063789791230661e-04
-5.455579526313894284e-07

-3.265620028527423373e-03
2.363546199449045523e-02
-3.018388562398615499e-02
9.597769284645674571e-04
-3.187212163077927694e-07
1.310027849704101608e-07
2.111886692789578766e-06
9.118026211257158265e-09
2.643555160770859071e-08
-5.915715202594295092e-05
4.913148217691709055e-04
6.656428488085597890e-07

3.672715280844872539e-03
5.309063119646509343e-02
-1.149536451356123479e-01
2.411959532549449883e-04
-1.746638242227671555e-07
1.732067038476728791e-08
2.088257293541574351e-07
2.926846991463139931e-09
6.323058188504797716e-09
-7.504079768955906490e-06
4.882065915632733365e-04
7.663875752343691595e-07

1.136282307680662983e-02
-5.428781337006122372e-03
-1.845703668225256167e-01
5.859447273799360404e-04
-1.028772610269051769e-07
9.377057148246685849e-09
2.575512809893477085e-08
-1.362505000694200970e-08
2.075575287412213399e-08
-6.498678225260389688e-04
-3.199590895034892189e-05
-1.089139700884473942e-07

2.183987706853927034e-03
-2.290308932501372227e-02
2.791731239469158465e-02
1.085636108005341065e-03
1.789865142838174656e-06
8.452748259889274077e-08
3.006663850629954809e-06
8.922078482659914360e-09
3.683344899385294016e-08
-2.121138563857627262e-04
1.010995311958353239e-03
2.390504406607043440e-06

1.945553996996957254e-03
1.120023184097977036e-03
-1.232770331074012210e-01
2.057410979138640360e-03
8.931827394164342105e-08
-5.899410268338677392e-09
6.478767134403820275e-08
1.891440881370716884e-09
-9.916519570037196600e-08
1.839017655305580715e-02
-2.662472176336483972e-03
1.316690152053832691e-07

4.102938113088433481e-02
-7.132982251588672589e-04
5.870227728083027979e-02
3.545179171014933335e-05
2.105602464337170199e-07
-4.440049735275635713e-08
-3.722991889431646068e-08
4.046657996584404105e-09
1.470381860779471574e-07
9.189839136046720107e-04
-1.184800090077616528e-05
4.542350018576359413e-07

-2.654790240616044517e-01
3.075278773491472301e-02
7.178381693634111604e-02
5.336767517918647143e-05
4.005458114141573632e-07
4.749762922058814872e-08
1.815948963965126653e-07
5.757167808872993473e-08
-9.135969834407703390e-08
1.044646661889512477e-04
-7.281212649726545528e-05
-5.029129531545760350e-08

5.514022902517795588e-02
-4.491826293346327936e-02
-6.755570895460207004e-02
7.539719878192471445e-05
-1.209475394248694871e-08
-1.670059968656389181e-08
-6.775914106226058776e-08
-7.138705246810302002e-09
-5.564392020366837185e-09
1.389238576666560908e-04
-5.564898019164413905e-05
-1.053602874794711994e-07

3.162847090602044411e-03
-4.060115057353648298e-03
6.091851317567960333e-02
1.908124644662175830e-03
-3.412928201150373641e-07
4.994127268146563159e-08
8.932523274154130206e-08
3.201832885994177030e-08
3.393434294617374766e-08
-2.564493044848520560e-04
1.123180248129659496e-03
-8.662329461796973659e-08

3.685829721860468377e-03
3.283404543668914325e-03
4.590939059788690102e-02
7.193712635684064742e-04
1.125865200517292286e-08
1.348751553085314779e-08
2.156329776619141401e-07
1.223580419755022021e-08
-1.371924311688247840e-08
-2.327742862270406818e-03
-9.701553852586670881e-04
-9.988987686607332474e-08

-2.296495537311113964e-03
-1.232059325276617726e-02
4.495608180834797379e-02
4.926317794951510370e-04
-1.110717551928260362e-08
1.505701475358906157e-08
1.310490014715246646e-08
4.481810325169538478e-09
4.028799905766031157e-08
5.352797132362567805e-04
6.279868617301695086e-04
1.979900132818514926e-07

1.477215948328495371e-02
-2.565254417294281566e-02
8.686136283826943749e-02
9.054457065488130023e-04
-9.051421961839563813e-07
2.074334683233039451e-08
1.252954970717622865e-06
3.495787279037619718e-08
-2.037596218380281874e-08
-7.029343711876514730e-05
4.808099113157011896e-04
9.673750087625479961e-07

3.200168228957982110e-03
-3.467062182520332103e-02
5.963753285498720608e-02
3.783168030379548651e-03
-9.007662765987486142e-07
-1.029195511325802144e-07
1.088411984662171954e-05
5.682965180842912084e-08
-1.919727802459711124e-08
3.956078752720815065e-04
-2.051970865064615610e-03
-5.092203096985861156e-06

2.406289265970774742e-03
3.633151640507790298e-02
-1.214554827835959833e-01
3.317034057644438331e-04
-4.978130669706122882e-07
6.660985581595405507e-09
3.879124980696491299e-07
4.126724263122144364e-09
-7.556407507499827407e-09
-6.772761985317798678e-04
-2.273143188776975481e-04
3.842120707710355817e-09

7.835786424774998649e-02
2.061484549691925891e-02
8.485256625442104406e-02
1.175350255554469107e-04
-1.972982632977445734e-07
-7.331417426499883661e-08
5.601485511003218621e-08
8.360945257295312275e-09
9.037941603958782363e-08
4.121647188212114498e-04
-1.602964784511022079e-04
4.176098933856716513e-07

1.921991058940521885e-02
2.114378595784804568e-02
7.020254347706782194e-02
4.230887883083696028e-04
-1.184290652596887927e-07
1.137460370531001019e-08
-3.137382309276189080e-07
2.667930919684098020e-08
1.883289645923419590e-08
3.544225268507057648e-04
4.736991822241816592e-04
-1.340653101826428186e-07

7.612458013080167056e-04
-1.177696413928388218e-02
9.661395558255854443e-02
1.589831050007673883e-03
2.752913514380862370e-07
5.422786822853266409e-08
1.027354389467198317e-06
4.171653843918827612e-09
-1.663474165464789239e-08
-8.014776255025818428e-05
-1.958655876417531548e-03
-8.984519933104440123e-07

-5.352848333387913850e-05
-1.623683066739203124e-02
5.648801278971507522e-02
1.057597932297693437e-03
4.090888655017865312e-07
1.341229465988445268e-08
1.262209086820280144e-06
-1.228274953329207687e-08
2.295036827376101402e-08
-4.581901289621790187e-04
6.801008103573598796e-04
1.852843527757760488e-07

3.185077725784624808e-03
3.195429805291405412e-02
1.223948432282241094e-01
1.389597361035597696e-03
1.128626844996487757e-07
1.979034218061875831e-09
-1.814220535203294244e-06
5.509868614252416757e-09
-1.414017108489440932e-08
-4.167918176073400274e-04
5.766924990790843345e-04
-3.909327634622068058e-07

4.234443730341254548e-03
2.543769534549040687e-02
3.738319021145163068e-02
6.329202552356243345e-05
-1.131309759179833363e-06
1.835860390316683809e-08
-1.719554514382986826e-07
-1.742709826579697027e-09
-3.566668235665222438e-08
-1.416348488970633880e-05
3.984598007228103644e-04
-1.881412708942597626e-07

8.095668707341200677e-04
3.012861502916791903e-02
6.742370107663249457e-02
1.230765497318489108e-03
5.717038543876012924e-07
4.682578675928732508e-08
-2.182003007599284313e-06
-3.231007511334881599e-09
-1.834114128670443713e-08
4.097398593958561297e-04
4.177486697946762237e-04
-2.880946113573321564e-07

1.376987580989952678e-02
9.026946607529517247e-03
5.750902706230495015e-02
5.620908956372460156e-04
2.780445048642430685e-07
7.600825906785041081e-08
-9.151818360029978179e-08
1.372841296692783171e-08
-2.368080132275928886e-08
1.663876650898515918e-04
1.428277396974955786e-06
5.323141757799559159e-07

4.085780626848538322e-02
2.550199302541744303e-02
1.941282060698015441e-02
9.996102691183697661e-05
-2.536234968322988554e-07
4.693858678738746926e-09
-9.496421010080995377e-08
1.120913513937897336e-08
1.041935088231814244e-08
-1.295536524865185891e-04
-2.073138137402085021e-04
1.936051314897920282e-07

2.179904088996022660e-04
7.184143317603039177e-04
-1.143382906109115110e-01
1.438820350648440868e-02
7.301347181206685278e-08
4.311142215143576331e-09
3.642668320252217971e-07
1.819301064069767782e-09
-8.464917900735427172e-10
1.181859819239187634e-02
1.519201569187473774e-02
1.074301625377323502e-07

5.305412307806504912e-03
-2.314029757294363762e-02
6.242073463539782319e-02
6.211434481771081631e-04
2.159671353017846481e-08
2.777125966761600663e-09
7.498376276765555139e-07
1.309748130846516553e-08
-5.925391872301259275e-09
4.711453339732960292e-04
-3.323938129574370462e-04
-7.654617952359159338e-08

1.471952573097697937e-04
9.554932116449791138e-03
2.374619939658309878e-02
-2.666477289874467525e-04
2.676286123301051031e-06
-2.538846889057182616e-09
1.368178281220956139e-06
-9.257170602827883579e-09
2.791040702859895290e-08
-1.112668068434103904e-04
-1.844932980109509476e-03
1.922509549369920920e-06

-2.881307140098141040e-05
-3.666847873522562085e-02
9.147914505171837740e-02
2.891971829810692854e-02
-6.050258844785450644e-08
3.091559419281112140e-09
5.563931239290954172e-05
1.594329312312105926e-09
6.579211334583310580e-09
2.558913199813649250e-04
1.569649210557307745e-02
2.990015356142423903e-05

3.086023510573179460e-03
1.444643160073055463e-04
3.557959719737813220e-02
2.503857034497051115e-04
-2.956146144528973928e-07
-4.059662055768181307e-09
6.078724924624718695e-09
-2.587799627659481107e-08
-1.425465444707190384e-08
-2.631656013309280773e-03
-3.573239041182339412e-03
-4.934065773391008986e-07

1.265179283650346917e-02
2.637496411451896450e-02
8.641070452509894140e-02
7.238806194638565004e-04
1.763250331211866974e-07
1.057293736215676086e-09
-8.411663619565176093e-07
2.778984806295493026e-08
-4.857260059183978979e-09
2.770466652196407415e-04
2.425030481523210576e-04
-4.523128709854407646e-08

3.931933977610007486e-02
3.780699962859954133e-02
4.599927494747105272e-02
2.212640951521729937e-04
-1.028761531244082420e-07
5.091158423257840521e-08
-1.509215276277678126e-07
1.354712481760332381e-08
4.870296918419395446e-08
7.690542390645054688e-06
-3.729594027667666392e-05
-4.529957566087221370e-07

2.044927187892309987e-03
-2.420309605799069244e-02
8.011069074190031725e-02
3.303133618470148990e-03
6.982870950773717333e-07
2.553735534383637923e-09
4.839042220419842056e-06
3.629199949604460412e-08
5.952725216287722790e-09
-2.852811934673322915e-04
-2.572079950019060066e-03
-4.216065572796265403e-06

3.563776113138470564e-02
4.220129549653473672e-02
6.543252173868291388e-02
6.800909661659610946e-04
3.239493901979970317e-08
5.455794788439475418e-08
-1.940904808943240637e-06
9.313446485758202235e-08
-8.070363705010099562e-09
8.693616112504192037e-05
5.143329341120039420e-04
-9.748125284047842245e-07

-1.235674660546566908e-04
1.153450724126525023e-02
-1.191297544751083876e-01
4.019455335202045711e-03
-4.931395697012079194e-07
-4.556715168489812787e-09
2.058039161168272940e-06
5.363753205638193334e-10
-7.170535232307734217e-09
-1.962682214149069453e-03
3.327675440994758903e-05
3.335788632432320271e-07

2.278448754815010080e-02
1.844640731774470008e-02
6.192086677907434472e-02
6.292395992839899159e-04
-1.155639535345768747e-06
1.589291890416958029e-08
-8.206871847366005250e-07
6.984599311720162285e-08
4.412568197189989248e-08
7.072345316367830434e-04
-3.427113411893329092e-04
7.734897942475662571e-07

-1.538728152009363227e-02
7.146639974295956182e-03
4.803262690573444071e-02
3.194373489607567730e-04
6.906706036605556729e-07
-1.187243362473096616e-08
-1.157076069411566576e-07
1.799319453815122604e-08
-3.313570644622794684e-08
7.079155530290356935e-04
2.977325221920651641e-05
-5.223834737822665268e-07

7.376948570312420912e-03
-1.978083360410577002e-02
5.747163993470933568e-02
4.777540928786823860e-04
-9.992094372591727137e-08
5.971899911274570012e-08
6.361952826197484682e-07
7.066975024206520792e-09
2.383052172643364654e-08
6.279849732220529922e-05
6.728718779709806554e-04
3.617314799615644697e-07

2.436995861501708473e-03
1.129616977648634311e-03
-1.322505424682773600e-01
3.914610427827823740e-04
4.911507468037354886e-07
2.535994730611955482e-09
-7.372028932617301427e-09
8.437139873297942761e-09
1.833376243949331164e-09
-2.701089208745036715e-03
9.157541182242341822e-04
2.222787329413708798e-07

-8.581596025457090141e-04
-1.577190313160078614e-02
1.036567651024952602e-01
-3.963309075575087784e-03
-4.115221695472545739e-06
2.017929725212153624e-10
-2.665142728949730713e-06
1.323645775886388352e-08
3.633616617338071772e-08
-6.357160855319616936e-03
1.633388916227157452e-03
9.283909683730954954e-07

9.317185461211793113e-04
5.623019944622403669e-03
-9.602999962000520473e-02
-3.175365478822770801e-03
-1.027606778359324969e-07
5.251838374689662670e-08
-7.188869080414553352e-07
1.071210868312747275e-08
-1.875180951782821572e-08
-5.365866753630490430e-04
-3.928990011086391614e-03
-9.111441194238526440e-07

1.007741573060084474e-02
-2.820336102460098242e-03
4.998013385383517915e-02
5.673898829816562822e-04
-1.909731361460560244e-07
1.027393666917651858e-07
-4.126227048193486944e-07
4.544527880514383637e-08
4.315071122424910504e-08
5.143845813550037421e-04
8.372590223582928714e-04
-4.882899040726046560e-07

8.040935336475613787e-03
-2.187132419382330998e-03
3.246785121672988994e-02
-2.759612869815129582e-04
-5.218461536434294661e-07
6.446586860633557896e-08
-4.282642594368418263e-07
6.468719330338831631e-08
5.912073226977654376e-08
2.105469035167456461e-04
2.327558050112602515e-04
-1.354054077615206645e-06

8.969956067197724448e-04
8.963353504534768423e-03
1.216335533044265865e-01
9.834846669339951039e-03
3.644634413732804426e-07
7.933814314729361120e-08
-3.262899590500243388e-06
2.051451026763002692e-08
-2.573817264672681144e-09
2.672063661794525126e-03
1.434701706085316462e-02
-4.826683988047393009e-06

3.996635951336441339e-02
2.440091080456587708e-02
6.294202079512926928e-02
3.777142458263110444e-04
8.264945340864805755e-08
1.975596860129840053e-08
-2.547063638680654878e-07
1.914950095118796204e-08
6.484188294979944588e-08
4.225173503863254975e-04
1.323124297965723721e-04
3.647754449628780484e-07

7.291433782622014359e-02
1.922854103880339283e-02
5.636659986285708079e-02
-6.166298616750447265e-06
-2.050013021682440177e-07
1.138748670533837481e-08
-8.838231742208681638e-08
3.249326758072088604e-08
2.620804692302889244e-08
-1.088816413781787641e-05
-1.165232286126417793e-04
-1.982151303524584564e-07

1.186689663521199589e-02
4.396446768966474905e-02
3.365924140371932133e-02
3.466381328765284894e-04
1.432565957045070909e-07
3.715297125361324088e-08
-1.308721267331633753e-06
2.395618610995218814e-08
2.610688956072379906e-09
2.455774760775461703e-04
4.093960886542802281e-04
-1.453176080678293146e-06

-1.816013378464001243e-03
-2.058927420850104745e-02
1.209378817011998314e-01
2.046137898104508773e-02
1.653580279603838215e-06
9.991338749275498524e-09
1.673720185247238177e-05
-8.471193681280830697e-08
9.138193761085955854e-09
-1.836874832681471847e-04
1.561407005696524228e-02
1.253389489003625837e-05

2.112825338883923473e-02
-2.577630639039595398e-02
1.008509419842783111e-01
8.747438307721306511e-04
6.143464268385988791e-07
7.176065211350161892e-08
9.054501802866293477e-07
4.614989806331642772e-08
1.283684169853735135e-08
2.767103442570977348e-05
5.572303115515300506e-06
-3.003324018225978113e-07

3.658557747036855825e-06
-2.737492346437411100e-02
7.205666369571825380e-02
2.744887138397020514e-03
-6.303768838467657412e-07
2.714102775758489488e-08
4.670291969402044164e-06
-1.604573731833579254e-08
-9.253772586681449139e-09
-1.059201750747869997e-04
-2.048399061957700915e-03
-3.263762407942416580e-06

7.020720460778387927e-04
3.512713834292341690e-04
4.995547558537516419e-02
1.024645087902471656e-02
-9.823832125713799622e-09
1.308608324646985346e-09
4.576769290777952744e-08
3.338238175542325004e-08
4.249832761240788751e-08
2.028168026594943246e-02
8.590670233825934213e-03
6.221985514638911834e-08

3.148989370710618060e-03
5.854661399955797367e-03
8.093437385501105197e-02
1.876780911797863922e-04
2.414282856395334709e-07
-3.089404166803142838e-08
1.441408195034179637e-07
3.049185452498778307e-09
2.340931027234304353e-08
7.055412994327554322e-05
5.515103311301154708e-06
-2.638080595448779030e-07

3.796915254774502809e-03
-2.436649422858937902e-02
3.597817768650849596e-02
1.483183237126828704e-03
2.500757349076511242e-06
1.463617919777014445e-07
2.725171275737580894e-06
3.007139116113797357e-08
7.172299745531900437e-09
-3.835756238555527065e-04
6.382331373784855266e-04
1.012488680489219402e-06

2.459346078150478985e-03
2.120768941426547094e-02
8.821315018580531964e-02
9.086609238226252142e-04
4.873889152758441213e-07
-1.578628061136263595e-08
-8.892259118498714268e-07
7.580621922944007041e-09
-1.375655515644426307e-08
-6.804407542514096039e-05
3.294758484252155797e-04
-3.671400793824711225e-08

4.150893918556007589e-02
1.091247633473804990e-01
1.268362845741139999e-01
1.128327868436166634e-05
-1.338183379980977984e-07
8.916274411000289520e-09
-6.871997546380285406e-08
-3.588962179619315945e-12
7.313764133683892466e-09
-3.323626438666446256e-05
-5.674291728988012785e-05
9.786106111960341610e-09

1.037213566918635844e-02
1.269951116506769055e-02
-1.234981459079936700e-01
-3.389078852785088651e-05
-1.576270918459431055e-07
2.447170515124866240e-08
-1.264247596496348254e-07
1.125668623112184705e-08
2.194207330314651307e-08
-5.658136561425692853e-04
5.491359176127442185e-04
-4.989245681686106866e-09

-2.286839497627390361e-01
5.238098634602471326e-02
3.952127732744187272e-02
-5.441542323145544968e-05
5.474676529848645811e-08
1.798730804331709223e-09
-8.772575367334753599e-08
-8.626915514826513964e-09
6.753898240623878262e-08
-6.688389686900971258e-05
5.133562784871519951e-05
3.224951295826759447e-08

6.143259132398994852e-04
5.654407918759434167e-03
6.045825019036486780e-02
1.334934476239371150e-03
4.625939569522894093e-07
1.651954211731199899e-09
-1.065042521536128392e-06
-2.562268656955059668e-10
4.041348699962846260e-08
8.110750211485706022e-04
6.848062648962200197e-04
-7.366797135773801880e-07

2.031447432783388147e-03
1.305000591693085106e-03
3.080446757048281234e-02
-1.291455533800537790e-03
3.874393739930901032e-07
8.089194953991153680e-09
-6.625357755903616110e-07
-2.574646196368960942e-08
-3.208553328790834531e-08
-5.643344386671956397e-03
-2.295261682302059732e-03
-4.136856423974733482e-07

7.483297702479706215e-03
-2.987472971105267078e-02
7.673379925924013467e-02
3.690483114202510449e-04
9.449943596346723939e-07
4.379285761203147244e-09
4.096886903688154272e-07
8.648670986976158286e-09
1.352698247685009689e-08
1.283268767929798316e-04
2.989322678803502434e-04
6.697783541154273941e-08

3.043382189369812224e-03
4.954742504155015825e-02
4.239998921079233402e-02
3.665695852107003945e-04
8.149414040831074594e-07
2.898169375431266679e-08
-1.838516056925947686e-06
8.156263954290829996e-09
-3.694430255100583125e-08
-3.048122206895384836e-04
8.538458197841348844e-04
-3.808101445934474343e-06

-7.790466537614335225e-03
5.772802173378328676e-03
-1.108935841682349710e-01
1.283484713283404772e-04
7.769867428642033755e-07
2.622318023916169531e-08
-1.850549813407829232e-07
-9.815264541963791953e-10
8.136848314757092334e-09
4.154937828242172884e-05
6.234285749032808868e-04
-1.795138153808441639e-07

6.890545145379867523e-03
-1.828329185153217823e-02
7.333749795869949628e-02
1.661622376821432533e-03
-2.206396885549584133e-07
2.336139960183455577e-08
1.664639363896032613e-06
2.782826704351326224e-08
-2.027905992269801803e-08
-3.410294164644489361e-04
-1.356596598594467023e-03
-1.141899740829023476e-06

1.293115928718747282e-02
1.833703008002954271e-02
9.304293478468379786e-02
5.592835656031235189e-04
3.613336571957422579e-08
1.438997032426001518e-08
-2.878590103959180692e-07
1.777362473824847287e-08
1.174031689245469967e-08
5.013200160816388192e-04
5.583984310822378205e-04
-1.283595823671403810e-07

9.430041087396362834e-03
-2.501078043874754853e-03
8.485350444676885429e-02
-1.300177181097614460e-04
3.226093358920869190e-07
-7.786223252719308519e-09
-4.003093447950541933e-08
8.024112581168016486e-09
-7.890474732411800717e-09
2.138614351008446334e-05
4.298637935150032181e-04
5.069103826979383537e-07

-9.740634631179699576e-02
-3.238683884444233663e-02
4.525819688091536896e-02
3.700662496501228168e-05
1.323981153374939903e-07
-6.932149418444741417e-09
-1.165248150533696105e-07
1.645691661720258364e-08
-4.553462636976191520e-09
-5.912168495894879123e-05
-9.118497300750173177e-05
1.009492925416569763e-07

1.357614891136455643e-02
3.737368613573117254e-03
-1.473505027156591374e-01
3.166315529514955162e-04
1.518921492352812738e-07
-1.537680391550584933e-08
-9.817360027478153239e-08
-4.864411167355467804e-09
-1.346463474914249694e-08
3.984053679990529203e-05
-5.282632853631023638e-05
1.292363945904445188e-07

1.595563223523517246e-02
2.458139508135426601e-02
3.008344660803107321e-02
2.813098831067764398e-04
3.146944863131598744e-07
4.807885817924146682e-08
-7.321380662296091011e-08
7.627653429295546932e-09
2.539951209032441952e-08
3.060055800098823893e-04
4.689576705687123633e-04
-5.454754766841158861e-07

2.222053695618939756e-02
6.197253144062241093e-03
1.042173827769724004e-01
4.961670975818624528e-04
2.703295974184783232e-09
1.049018704576963046e-08
-6.664548544436723316e-08
1.780031878860143093e-08
1.851745142775527248e-08
5.097701551518538142e-04
6.027950761435143905e-04
8.101078213744963770e-08

2.934706042628960551e-02
3.497737968331791902e-02
4.620170305117156373e-02
1.463120961660174552e-04
2.207100119866959244e-08
6.287529430119089032e-09
1.898785992646563149e-08
1.933488849617569748e-09
1.978273624375613501e-08
3.222422394120523937e-04
9.148518601290920010e-05
1.063814633973587762e-07

5.144118989099605646e-04
-2.183183970502118945e-02
7.990900498097217031e-02
1.742575584698166993e-02
-5.116879214069057608e-07
5.380187822375184129e-08
2.262105975183764902e-05
4.612005900488668627e-08
2.117688351218260941e-08
-7.845582698964220574e-05
1.570907890088084000e-02
2.043704163301196338e-05

2.308627182000539541e-02
6.673437004866202005e-02
4.708617552838163800e-02
1.234977172510620756e-03
-1.522655242460335199e-06
1.339452901577967249e-07
-6.434165607187777485e-06
1.329866517254834045e-07
3.706867269227648805e-08
5.639226504881224723e-04
4.288696843085617640e-04
-2.277681950658012652e-06

8.810477272725005058e-04
4.691350709508792377e-02
-1.213703140609911912e-01
1.155524896379137717e-02
3.033032441989409719e-07
1.828035373485702787e-08
2.136246818695705451e-05
-2.567355386270027605e-08
-1.229304871151140798e-08
-9.441981057179404732e-06
1.563397620678127001e-02
2.934743078656602478e-05

1.385344857028835731e-02
4.134732526820083381e-02
3.634664576434014360e-02
3.092736108284779590e-04
2.154230584464139527e-07
5.496650749355726752e-08
-1.176875412352059154e-06
3.034192686124095637e-08
2.071056577309637065e-08
3.337571944546977964e-04
2.776395558354956207e-04
-4.652692242436431781e-07

-7.309400931041223903e-03
4.499827641050634791e-02
-4.390317092721709308e-02
2.372458326060286333e-04
1.330332842244179814e-06
8.664413598980554671e-09
9.367430485760248100e-07
7.173671739024580349e-09
-1.415236486365981043e-08
-1.905119055200522646e-05
-1.383361926207315250e-06
9.078193594400176710e-07

-7.552450667264651567e-04
3.353788747147210328e-03
5.956248953511835559e-02
5.300156697612883001e-05
-5.679324105184911393e-07
-3.596750922225038813e-08
5.093458653634404107e-08
1.990646897254151820e-08
1.336236312967244997e-08
1.746556427530506026e-03
-3.987742104327222058e-03
3.487663261654127554e-07

9.176788747248764561e-03
-1.850043454155856845e-02
2.009848464293215523e-02
3.398231661060197831e-04
2.031372686070364523e-07
3.621884661162762063e-08
6.700679144798248094e-07
7.545570450772497118e-09
1.955833395631218737e-08
-3.119859670144931952e-04
5.760365917328805077e-04
3.449567548128709082e-07

6.417462584392623348e-03
1.663012765804634807e-02
6.767874567526850627e-02
1.072404677993546180e-03
2.669189572427923980e-07
-1.774032678596702350e-08
-1.210768218979492201e-06
1.717928224436913935e-08
-2.134796821002359609e-08
-1.195722394713740454e-04
5.375846274216936147e-04
9.814170500047467747e-09

3.270795697841308997e-03
2.565237926224294470e-03
8.354963551204672156e-02
-1.709948041624660730e-03
1.106308072652296002e-06
-2.025756158025706261e-08
8.490646354919243426e-09
-2.660369143208674170e-08
-2.948115260349690944e-08
-4.624806478175245462e-03
-5.758783814506433476e-05
-2.128015601517841424e-07

1.318850547427398781e-02
3.824653400855642423e-03
7.587255678178286833e-02
7.751729920668562609e-04
7.452140325583993787e-08
1.140397867986321334e-08
6.675751716395156775e-08
2.998430380097641053e-08
2.304666440696704127e-08
9.146265652555155522e-04
8.867906221081002082e-04
5.691122024626951877e-08

-1.682464591198326934e-02
-2.245965245974795507e-02
-7.422002046161606248e-02
2.711863121794485534e-04
3.724400072136674928e-07
7.835230934197174655e-09
-1.468084912372685476e-07
1.260833124340897526e-08
-8.299592838095393596e-09
4.388711888515669189e-05
4.779878553311749491e-04
-2.104314136670887942e-07

7.008369767613632350e-04
-2.040668383896318203e-03
-1.086146566542567776e-01
2.241396251449528833e-03
-4.242516668205948112e-08
1.367017973009658810e-08
4.188582783340355493e-08
-1.751355892418777163e-09
1.983569841987140242e-08
-3.265338109680447458e-03
-3.236372393889921928e-03
-7.016088447130785076e-08

2.332382769960951452e-02
4.943768842966296539e-02
8.846667045405538776e-02
-6.649047637251454240e-04
-7.302257402572699524e-07
-2.350494664772706458e-08
8.635313952929692497e-07
-2.583794711942891501e-08
-2.208087670052567963e-08
-5.552044328799255954e-05
8.130138024722579314e-04
-1.775611771139865490e-06

3.848584480862622670e-03
-3.878390190990735342e-02
5.460476605731288957e-02
1.536296421370369190e-04
-7.213821436668060511e-07
1.979577257619139379e-08
2.067208270979084289e-07
-5.447868790776985549e-09
-8.758748147616054724e-09
1.018677941504459171e-04
9.340628933686663049e-04
3.900917531982318889e-06

1.840320181773553304e-02
4.179168567806563345e-02
-1.473481356357082550e-01
9.315788906803115321e-05
6.921173984030314226e-07
-2.545539372203516183e-08
3.970192565536278467e-08
3.111256488597539823e-09
-5.657810475011736528e-09
5.619454223282637243e-04
1.184590274235004097e-05
-1.860806815689850564e-07

-3.499051696588991768e-03
1.834651669753449175e-03
-8.952991862545016388e-02
5.729947348918987011e-04
-1.184419810249220849e-07
-5.834530619703167875e-10
3.126156318551910754e-07
8.025876324190885908e-09
-1.793100850755208748e-08
-3.811383343092419277e-03
1.582257229379173966e-03
-1.410390832671698152e-07

-1.918958272185631447e-02
2.091514309058654583e-02
-1.115098770631599845e-01
3.257509902453643077e-04
-1.040534925618579015e-07
-1.108697982602559896e-08
2.871795979127226042e-07
1.004915890000064078e-08
1.718680075235499196e-08
6.190466098857933929e-04
-1.136747854842634712e-04
1.091288152119185390e-07

5.352567280183895965e-03
-1.954975031128960289e-02
3.044027410840028508e-02
6.467153757602618451e-04
2.139529386211137882e-06
-2.018435544940891222e-08
2.641944875322972294e-06
5.942220635334205758e-08
3.260903784495773597e-08
2.888997841727133768e-04
4.416715068880036101e-04
9.363065346322818235e-08

-8.563242748184032860e-02
-5.289061575010771399e-02
-4.444800159597376427e-02
5.566902059705917900e-05
2.608462147967624821e-07
1.852268920469334341e-08
2.157030048236333682e-07
-2.802782976640682543e-08
-1.395444997583833051e-08
-4.431539931829289252e-06
1.499210346568285307e-04
1.079297434533276345e-07

8.919657536744956747e-03
1.047780557348991851e-02
-9.437989832777551880e-02
-1.670866018791393955e-05
2.844890817844289836e-08
2.670381799266705080e-08
1.600645139581364635e-07
4.565872750491746797e-10
1.129926439929330060e-08
-5.093513365373840564e-05
5.415210384211463588e-04
-8.382206670452209799e-08

3.798366005848995077e-04
2.720475439165606201e-03
1.053496533477173425e-01
-3.773255281310235838e-04
1.497823726372840416e-07
7.802447773287358928e-10
2.390692960416002463e-07
-5.882342246078180038e-10
1.260330555108963283e-08
3.927780470536394210e-03
-3.067146134518425674e-03
5.414949357617541416e-08

4.330608498740292495e-02
3.683869470101271137e-02
3.811544069390312289e-02
1.528226244401317585e-04
1.215915982461171411e-07
-2.856995044050122974e-09
-1.610513676320916253e-07
1.520939560272386716e-08
1.834086195271608072e-08
-1.266903650773505338e-04
-1.596759648953679426e-04
6.633473757130571383e-08

2.997067193847825772e-03
-2.467014963632337132e-02
2.635244158353348617e-02
2.016683405388877866e-03
2.181095814229596775e-06
1.340728712993743132e-07
6.739510572987972704e-06
5.592301208120741876e-08
1.304899622923322164e-08
-3.560874542237850437e-04
1.277717954931989431e-03
4.298857431808475048e-06

6.239741368750920114e-02
1.768443443845356747e-02
7.138511192807558969e-02
5.562646000377308728e-04
8.348315663086510583e-07
2.137437450685592632e-08
-1.587519958760498867e-07
3.245748950989457527e-08
1.868804165256964041e-07
8.461366367118906134e-04
-1.437065563343550584e-04
4.471504877371684298e-07

1.549886482587145217e-02
-2.779178263242233424e-02
2.795005051638847077e-02
2.221029732573350033e-04
1.862865386942277775e-07
3.359564814361331752e-10
4.978410129200705152e-07
1.363700943815630605e-08
2.122905251361694176e-09
4.499538284831009231e-04
-9.784551623347526104e-05
1.583881894830080437e-07

2.084011011209000938e-02
-8.172488913434116861e-03
-1.192825699400918565e-01
2.642846655034146843e-04
-4.994791453829911007e-08
-4.091226430609243920e-09
-3.114031138919451873e-07
-1.177764034105478778e-08
-2.984656721954395948e-09
3.421325478159172322e-04
-4.988665400185086874e-04
-1.895225013229793725e-08

2.103210475459622170e-02
3.609507676020941996e-02
7.718274273526667950e-02
6.123263068940769426e-04
-7.540925792547908817e-07
1.738423483406197158e-08
-1.492932364908806863e-06
6.106784301925716258e-08
-1.059766816224269916e-08
-1.964068729094152382e-05
2.226695109821770003e-04
-2.307224171835312181e-08

1.070350789310972953e-02
-2.424095859060386784e-02
4.623784021565232466e-02
3.147930637666562954e-04
9.089225516757795659e-07
-1.474234090368364378e-08
9.682302225691562117e-07
1.544962633112033561e-08
5.396580401961748690e-08
3.845775919439317386e-04
7.412217450297561199e-04
9.562246537312516032e-07

1.631950282306572977e-02
4.435749448263856531e-02
-3.062681737924449754e-02
1.589785960375406342e-04
1.560659035288861628e-07
7.860593070657641541e-08
-2.377915542770168442e-07
6.028953225558802839e-09
1.988610315261505787e-08
4.027074423934000894e-05
1.948687503994328638e-04
1.748460635102852777e-07

1.673522363059264930e-04
-1.747904365673610613e-02
4.399931707959617300e-02
4.991323354460351028e-04
-6.407736686657456133e-07
2.185377587784418042e-08
1.269464161007663735e-06
5.108785674992442424e-09
1.837621639574549055e-08
1.844882413885137100e-04
5.862530597690778292e-04
2.800835267333993841e-07

1.473464438588466957e-02
-2.660791186568747455e-02
5.588980096460043068e-02
-1.206123044285864390e-03
9.824602561049206474e-08
-3.914234503560634830e-08
-2.308927288931243188e-06
-8.463336902810782490e-08
5.534777956372139648e-08
4.340410045957302366e-04
8.367028451867594870e-04
1.142412843332649281e-06

-4.458364705314827627e-03
7.174556564616920394e-03
-1.057066423808427635e-01
5.810720729848777672e-04
3.873724110377850460e-07
5.367394546936854460e-09
-1.201228517443746238e-08
5.870353232582790622e-09
4.174041651504257619e-09
-3.602184155506996306e-04
7.599207886507525342e-04
-8.672614031407620053e-08

7.317547739826650230e-03
-4.189081820917895174e-03
-1.714567561396883322e-02
-1.525610727305069412e-03
1.187476881581653956e-07
-1.630202105298216834e-07
-2.157062263703268927e-07
6.793902029641828340e-08
-1.326913038395999361e-07
4.307438448165851023e-04
3.741516761507388358e-04
2.348724794060938942e-06

5.653527981982854611e-03
-2.390908983450363082e-02
8.070244121774475254e-02
4.401460329961520181e-04
-2.018964665556416687e-07
-1.897676608865885254e-08
5.403273568154159197e-07
1.103809403087202274e-08
6.754229117791772244e-09
-2.131876683781262186e-04
9.689286305576251881e-04
9.293796285285237323e-07

-5.312517159615433825e-03
-2.099968428932262599e-02
3.905058431258492946e-02
2.528727077335537858e-03
-3.065901925047019480e-06
5.040838538953856497e-08
6.448919692353238216e-06
-5.241124817020880070e-08
-3.662406812627545945e-08
2.610204526939822263e-04
-3.783336214084840124e-03
-8.940857788976905968e-06

3.319171049963403480e-02
3.897548911420074813e-02
2.370617791512301398e-02
1.143367698219840430e-04
-2.851469738504412625e-07
6.629317878092577841e-08
-6.246693847624116394e-08
1.693807064996863767e-09
3.895294214484806641e-08
2.478777337240836319e-04
2.228270540208128470e-04
-4.988500884433123203e-08

2.314446552225114806e-02
3.158075969921393666e-02
4.233198623610379824e-02
1.379708274351670232e-04
-1.323905401751348976e-07
-3.141721771983211933e-08
-5.140619270544453067e-07
-3.179766591405124655e-08
1.172053454620304699e-07
5.565012612949569613e-04
-5.992354836051404216e-05
-5.492444158324048483e-08

-3.617100442443556014e-03
-4.136880129803639783e-02
1.588312911475844580e-01
4.893466209115341704e-06
1.242638843347975111e-07
-1.472784143184029141e-08
3.370397091510738276e-08
-3.899944726279551973e-09
1.079991447230775165e-08
4.858568066417214914e-06
5.027011103679178590e-04
4.183519319124058391e-07

3.812506917357438851e-02
3.412938372086017635e-02
2.285348507665781875e-02
5.161680912372050692e-05
-1.817329602426844857e-07
-5.420815800630212579e-09
3.141072131226807051e-07
-2.671581778569380605e-08
8.613232834978460338e-08
3.257862688678820067e-04
7.413170209856231147e-05
4.827698057901628460e-07

4.320371670013274656e-02
-1.547834365777181432e-03
9.786551277462635090e-02
6.187241797858947972e-04
-4.308484799852274429e-07
1.046572091395032816e-07
-1.164747820864984445e-08
7.199986504064155021e-08
2.789050780038249494e-08
5.464571466760334502e-05
1.273935676549828875e-03
-2.232537724342262940e-07

3.858337077160083756e-02
1.381184342799065060e-02
9.399344289958244669e-02
7.001845941710146525e-04
1.900385568278656795e-07
7.122724122834097855e-08
-1.177832021717436011e-07
8.996105149006429911e-08
-6.916329082331986628e-09
6.017058065257979834e-05
6.219655532833154971e-05
1.521683407520563396e-07

1.208871594712619029e-03
2.811903737978449329e-03
5.079528889277929588e-02
-1.550042718874390039e-04
-2.951552088276332839e-07
2.193177688178158190e-09
-3.462314654861875591e-07
6.652085494010241817e-09
1.631973645820131653e-08
-3.034704008667161654e-03
-7.487594191172216055e-04
-1.636619931507406578e-07

-3.567135941138745159e-02
3.429860849738013140e-02
-5.646129377627541468e-02
8.918689613407502850e-07
-1.546040767073806767e-07
3.812610613725601211e-08
-1.718390744442942959e-08
-3.585499419931523069e-09
-2.946062814815074310e-08
2.240039890177475309e-05
-8.251687356433743802e-05
7.816488280688960171e-08

-2.044637686669005180e-02
1.995219756626278110e-02
1.339555917538899910e-01
2.780129870640049745e-04
1.343804853396728135e-07
1.104312808120850739e-08
-1.808102766240746893e-08
-6.190038858850125629e-09
-1.571201792110922845e-08
6.015056444816685617e-04
-1.341275973696591625e-04
-9.897356664788378584e-08

-6.149354536028250190e-02
-4.180254091604024974e-02
8.509372879238805143e-02
5.427434135464352189e-05
1.279087023904155527e-07
-2.971096164774474071e-08
-5.433944545323901920e-08
4.465689417597968431e-09
-4.985705558808501969e-09
-1.276088402564047131e-05
-6.505923632844743423e-06
4.476381176552976185e-07

2.142676895669539013e-03
-1.912449268038389537e-03
-8.430978978290520898e-02
2.192555267026535652e-04
5.250401982841638824e-08
4.821617128469239057e-08
-4.120302767518254907e-08
-1.558724062092465176e-08
-2.426915261671237642e-08
5.703328405983998069e-04
4.948315620661402053e-04
2.133668462651089027e-07

2.536915273475288946e-02
9.812191261255973507e-04
6.822880386325506918e-02
5.064326698938708630e-04
3.534287487257518254e-07
-8.849091220962369376e-09
-2.515121544192167610e-07
2.986548459554126691e-08
5.695609876533687963e-08
2.843216423095880894e-04
2.472319564649763852e-04
-2.692590490428522520e-07

4.598510036379684085e-02
4.457244063496323960e-02
1.332467447589560580e-02
2.599170578397237046e-04
5.202265540601240798e-07
2.318199412663183603e-08
-2.744500572927021553e-07
2.116209967938494342e-08
2.738305237443124301e-08
-6.162417028738234452e-05
-2.328683818627723943e-04
1.356393971198296862e-06

-4.757370596249949068e-03
3.317288497133413089e-02
-8.799925521879080337e-02
1.470943222039919872e-04
4.216405292171913929e-07
1.040179257714321743e-08
7.650915026146853773e-08
-5.817939948822882548e-09
1.310967080589651287e-08
-1.559292184679800524e-04
-1.044046712271236931e-05
-4.950049323256315688e-07

3.018938402511950510e-03
4.229202740109466382e-03
1.124780382728150646e-01
-2.129736657987673157e-03
3.051948661366400442e-09
7.268338107481614922e-09
2.153021310184332401e-07
-1.368720703579674911e-08
4.046316090007801447e-09
-1.636667126215185291e-03
-1.067758969798725298e-03
2.212652361246227719e-08

-2.540754708809186968e-02
-1.752002306947689908e-02
-7.196637724545462689e-02
2.815722588533644231e-04
-5.464521369795570675e-07
6.579633690281189681e-08
-4.197321760518299122e-07
2.601743408997598881e-08
8.551540947968073668e-08
6.075611604859940205e-04
2.300391136861240635e-05
-3.221152758086492136e-07

2.911112259437674890e-03
4.756269344054616516e-02
-2.792568065685780559e-02
3.173523932643638567e-04
-1.245550502822305303e-06
7.492503458902969780e-08
-1.871846475798150511e-07
2.155327629679420684e-08
9.258561245983796912e-09
6.814196066955674069e-06
4.051151137254391135e-05
-9.330133939001662531e-07

1.653616008987265906e-02
-2.616899507514146295e-02
5.201221011215412249e-02
7.713514920300534004e-04
-2.511458762027978372e-07
1.051251801650920033e-07
1.910416988267152666e-06
9.094179807033064425e-08
5.897762799040839178e-08
2.991007985866380131e-04
9.334212136715884858e-04
1.924323069895455363e-06

7.769672898295010462e-04
-3.013231058283986474e-03
-1.032435574830126573e-01
-1.231681157123647088e-03
1.614800852598620102e-07
1.197452129873401757e-08
-5.564352689284533925e-08
3.752593042767445299e-09
9.106232174900430374e-09
4.040223064673066286e-03
7.434238602029764496e-04
-4.271029453709314990e-07

-5.928567337641425274e-03
1.643643080105424217e-02
5.294505999396529466e-02
-2.272826214982544279e-03
-2.277113835259320912e-06
-1.756026321753121058e-07
2.294789471311702258e-06
7.702972057682677585e-08
-3.717616870805696483e-08
8.805143766674040744e-04
1.509699679693075024e-03
-1.529822821445054866e-06

7.651412867329609839e-03
-1.885225390914234411e-02
1.694278253702798803e-02
-3.622040911500517841e-04
8.660367463071234724e-08
-4.587534267147357864e-08
3.799771657010910015e-07
3.590247668186826142e-09
5.702743118304350239e-08
-1.217467488435989697e-04
5.586516305342468462e-04
4.638410734578997951e-07

1.947931551352412858e-04
1.207650274018145549e-04
5.837574457866374911e-02
6.059209131956787807e-03
-5.546110422255456923e-07
3.105068303872657741e-08
-4.045806935127900004e-07
-7.625706473620316751e-11
-3.356585178207753062e-08
-4.972706673704247252e-04
8.465453513184905548e-04
3.095436099540372100e-07

1.498223945880326931e-02
-8.542674230828219487e-03
4.753534611781377178e-02
6.491020834578424504e-04
7.495494536601806681e-07
-3.942430789725590282e-09
1.829753724685392742e-07
2.563272666456352552e-08
2.063056221302277818e-08
8.399427035070843636e-05
2.931253067906976467e-04
-5.951407491292319604e-07

-3.736737596537285239e-02
3.615126681504223644e-02
-9.465837389324982531e-02
1.255341558212160727e-04
3.731843970440678677e-07
6.812176949550670572e-08
1.802666506632046786e-07
6.020467987595112922e-09
-8.577933401356567332e-09
1.468584825952928622e-05
6.308055615418039304e-05
4.615416036961933535e-07

2.856875580039286173e-03
1.854214926040855665e-02
1.237880172511548749e-01
-1.353768005505017868e-03
3.280768352467084877e-08
3.938786334156800903e-08
1.142721551657502992e-06
2.043560114265797919e-10
-8.470633398554032855e-09
3.717819671546495598e-06
9.810396183780737463e-04
-4.521359197591269054e-07

4.466999135719561254e-02
1.190969167204562230e-02
1.348565533121682813e-01
1.153479813204995427e-04
4.708638569044845391e-08
1.415594570095507306e-08
3.669523888397162573e-08
8.487515765864821181e-09
6.165072801173345105e-09
-6.071045097644816777e-05
-9.517643686534832457e-05
-2.317862196279106147e-07

1.275796219049689243e-03
4.925824042187229926e-03
2.661615114073497337e-02
-6.224243576717576653e-04
6.229251105978021083e-07
4.901267262891945355e-08
-4.460008888746688152e-07
-4.347554540897605017e-08
4.688881870129589817e-08
-1.216543880717195622e-03
-2.462990225129024335e-03
7.006201105777303741e-07

1.600982822761350816e-02
2.817066763740666210e-02
8.094504728461406062e-02
3.548668150501346568e-04
-2.164166684912141112e-07
1.044467079650889895e-07
-2.845060767658561198e-07
1.484682412160478040e-08
1.458879550125103140e-08
4.703031781431705029e-04
4.347780292656990529e-04
-3.021466056447102956e-07

7.597317278988492163e-03
-1.419248199241870262e-02
4.437993250454443789e-02
5.743316595772971991e-05
-2.119503465310979957e-07
3.101836400418633174e-08
3.930788429987477231e-07
1.947222414445721665e-08
5.161267965505100466e-08
7.292253118513528044e-04
6.479470013227840676e-04
1.314502126351558385e-07

4.411573811135908671e-03
-2.629295855382147301e-02
6.180005288605272540e-02
1.312369215722705837e-03
-4.876679128323439879e-07
5.320859984020922147e-09
3.089836080760304456e-06
3.490317507388591418e-08
1.998890022611249297e-08
3.710152987689351403e-04
1.103800098381917246e-03
1.669874745290988922e-06

3.558109403064668719e-02
4.382234023707452797e-02
3.796791812003200151e-02
1.394655380953411464e-04
-4.352779697184009441e-07
2.422039539720418393e-08
-4.202626137133951116e-07
2.421476037650329794e-08
5.781997774203498817e-08
3.848119894092357873e-04
9.097628298178992855e-05
4.396904174817824464e-08

5.989603721461845588e-03
-2.722866056180900038e-02
1.028873828999904427e-01
1.060499688395377714e-04
-2.148591377465459074e-07
4.071556827450437294e-08
-1.599712935112963254e-07
1.556179109944498686e-08
1.155535625668389577e-08
-1.729867742015095422e-04
2.152686928822492628e-05
-1.848043072333101897e-07

1.798858889523702277e-03
2.290679576783434274e-03
1.116186095530116579e-01
8.507817243258696807e-04
-5.779048724171650479e-08
9.861421093491491467e-09
9.886963090033762308e-08
6.243095638992424423e-10
5.340142157185752713e-09
-2.000660084016843854e-03
-1.958061639492701071e-03
-6.772368035846182902e-09

2.643546686440970822e-02
3.075841731666469764e-02
3.401441360549491144e-02
1.676817591280792817e-04
9.775463629842424647e-08
6.595676322582221321e-08
-3.325119736164181833e-07
1.094500428387008670e-08
2.565577462061799544e-08
3.067710871700637097e-04
2.884989187430344378e-04
-6.925067166134721855e-08

-6.120227127123230998e-03
3.301438749821952040e-02
6.134091882164925680e-02
3.775060720230001944e-05
-2.386531766931333766e-07
4.256258564926048710e-08
-1.948125972018378525e-08
4.581444123760316330e-09
-2.924037673913045890e-08
-2.846996354158657703e-05
1.300711336888500686e-05
2.659688917705493058e-07

2.232063414437877175e-02
3.145761249218968075e-02
7.125853112188670901e-02
5.062066315714743026e-04
-4.275418042828138801e-07
2.055205031554525371e-08
-1.160890741404314610e-06
5.386668420469730438e-08
-7.452988002765016746e-09
2.671306993601409917e-05
1.029430877529123600e-03
-1.652884698662022168e-06

1.761726356513047126e-02
9.611996569195695173e-03
4.907117424210175050e-02
4.106670899813236924e-04
-2.187486849017121011e-08
1.551437278513829628e-08
-1.425530192126905112e-07
1.240571027282502975e-08
1.619258187405378160e-08
4.882461232978002066e-04
4.883884339466255681e-04
2.980639171290961109e-07

4.596780878294848272e-03
1.595619571337405715e-02
1.497599243339210219e-02
4.559550536166365425e-04
-1.549450925633179907e-06
1.128599747842047725e-07
3.718133350906103104e-07
1.870692475071423243e-08
-1.059151084665017153e-07
-3.137821872465604593e-05
3.814624643663395986e-04
1.009648899713505689e-06

3.440920365985643357e-03
-2.099761512554429790e-02
7.772268560395176329e-02
1.585931114703911142e-03
3.142880145792523610e-07
1.987915277580630176e-08
2.136571519248523839e-06
3.240369551822240912e-08
2.109302339076527940e-09
-5.148420619098508910e-04
5.184037606439260634e-04
1.947867797174150438e-07

7.206515838647818868e-03
4.771956095154254729e-02
2.864978498969280099e-02
1.983376225444440370e-04
-5.660575373140886844e-08
2.728911681561999021e-08
-8.107319072725240530e-08
3.042173312420625064e-09
1.283716478053711748e-08
-1.627305792802683209e-04
-1.525333237416921165e-04
-1.247525255501886127e-07

-1.811709093792213251e-03
6.676277178258069323e-03
-8.515316499828871899e-02
-3.312143622013114007e-04
3.874610513381331744e-07
3.511700417306334716e-08
-2.976714704091647478e-07
-1.505656895889172622e-08
-3.427238584656746980e-09
6.363689047801241979e-04
-2.181427409712620273e-03
-3.540349034672356547e-07

4.607705060724858435e-03
4.928951206441746502e-02
6.499149613651571122e-02
-4.493732448550084835e-04
-1.267588363887242847e-06
3.097754170456919831e-09
1.317168328503791008e-06
2.660910506379921353e-10
-1.507000315868140491e-08
3.513289676508418952e-05
4.899665957871698072e-04
-1.322336145290993682e-06

3.810897440501107708e-02
4.108003370584350361e-02
2.041647251094631452e-02
4.183374212556536403e-04
1.845782272815881985e-08
1.085799130654787824e-07
-3.736815844006892768e-07
1.777024401297372704e-08
1.323221374477854028e-07
3.050136803450758782e-04
1.850131636048495695e-04
1.897636453675573880e-07

6.683698410126251606e-03
-1.013617618249201408e-01
5.247395623184249180e-02
1.953448545486627063e-05
5.702323453435028706e-08
-4.960074763923416000e-09
5.655314901990444187e-08
6.069001396474167519e-09
1.292517227848602515e-08
-1.261351815741924062e-04
5.748560533382053394e-05
-4.299863575157429903e-08

1.672187181617882301e-03
-1.111433990505225579e-03
7.718191921981842896e-02
6.493970938710999020e-05
3.455650837150220098e-07
4.331967312608057142e-09
4.158866991479067926e-08
1.568399642453603534e-08
1.276488326561342498e-08
-1.604955538856675567e-03
4.213660608248699820e-03
8.817763348960976563e-09

4.400046398468104338e-04
2.357391563650784727e-02
5.477341081285250907e-02
1.574034643666483374e-03
6.473092172743916738e-07
1.846940909545999392e-08
-2.895666900232585367e-06
-1.628022936230050362e-08
8.413472066412656050e-09
-7.235166809978027481e-04
6.513102225115034683e-04
-2.024753039617436707e-06

7.251571732447756324e-02
2.006516232199803294e-04
1.270424269249916804e-01
6.785966311152269795e-04
9.910033823158653947e-08
6.300024116937511264e-08
3.713117243475225847e-08
9.931135768333183245e-08
1.036495042324176540e-07
7.123406143533941122e-04
1.633338861642532681e-04
1.576562435673359716e-07

1.387009708213452104e-02
2.968577479124364770e-03
6.988887993834921875e-02
8.523945529602388205e-04
3.251208952069549310e-07
4.116868399354976944e-09
-4.914146794314095075e-07
3.534301368729998533e-08
4.631946313791708886e-09
-3.791521583603538062e-04
7.893004718673318244e-04
-4.166064268024027566e-07

3.574530616467595529e-03
1.438879811513791608e-02
7.424926906771284196e-02
-5.434475653458707744e-04
-2.071302416116066544e-07
2.816775179076774268e-08
4.357518273360518823e-07
-6.207993930660285463e-09
-3.780533968104660462e-09
3.906151517230153089e-04
-1.988274416389650568e-03
2.384002172727903908e-06

-1.671761007189069212e-02
7.208539150676065294e-03
4.473556993182833258e-02
4.546822202141346690e-04
3.740978748907767582e-07
-1.504830525218982072e-08
1.020905546900888934e-07
-2.008745510732548929e-08
-4.380672684071811327e-08
7.944474480914325487e-04
-9.943344667212727244e-05
-3.192640826007860160e-07

1.073988113186973882e-02
-4.084415520434858671e-02
4.538709293291118968e-02
-1.069465989310021837e-03
-3.345375078693763919e-07
4.322826666597029816e-08
-4.219117068352164591e-06
-5.736288421088871609e-08
-8.963192865826590611e-09
-2.940990058732535751e-04
9.615821334910295334e-04
3.303249042801691493e-06

3.764964899694265427e-02
2.765036805142162893e-02
3.899998866591359442e-02
1.976636392505612524e-04
3.272203531455942678e-07
1.361073685381214614e-08
-3.438912996684971870e-07
3.478073807646803816e-08
-3.502139420355940746e-09
-1.665406345004297509e-04
-1.686803806961858024e-04
-3.384741260980055479e-07

-1.706646041944536688e-04
1.896629280092307704e-02
-6.577208564500397481e-02
3.143215783375396979e-04
6.671546183655631790e-08
9.696138025814318957e-09
7.955948655506023438e-08
5.949945383140639152e-09
1.151270361373242909e-08
5.822148746160990063e-04
5.070663825669297683e-04
1.178868238874216704e-07

-3.752722503799459618e-03
4.656481646582456835e-02
-7.845647744843636806e-02
3.035861722490750328e-04
2.278947414517748993e-07
1.709523024675473222e-08
6.693306831106254822e-07
-6.591085349983976478e-10
1.675327832545381543e-08
-1.999635626144711750e-04
4.725278591198179136e-04
8.787000337172316736e-07

2.900944899448265266e-02
6.385189942426020004e-02
6.700992939616072508e-02
5.124027760189031264e-04
3.715524428145825122e-07
5.472413220045829114e-08
-2.255669372949992899e-06
6.055914530230256791e-08
-8.296684229772116248e-09
1.464193777130117554e-04
3.084018191602205892e-04
-9.235643428752135950e-07

-1.549202448425978599e-03
1.361485558589036957e-02
-1.264028797049011887e-01
8.595389109976088341e-05
-1.542561647152211089e-07
2.072920135988341571e-08
1.077353635830125673e-08
1.059377687101604839e-08
-1.149023728381638852e-08
-1.141059394644821291e-05
-3.930094326774823208e-04
2.446533956916894380e-08

3.189918831759108991e-04
9.130967477020076901e-04
7.111311229508240905e-02
1.428746538265542564e-02
-4.400714378734738954e-07
3.804585440253151207e-08
-1.165096500694839424e-06
1.555955756782053968e-08
-2.176184645733593872e-08
2.975245413526806390e-04
7.381699217397684303e-03
-1.061384756851267516e-07

9.702422766284839878e-03
-1.849775996715818938e-02
1.036031880935219668e-01
9.459974806827111532e-04
1.014406334288500618e-07
1.306777531171039374e-08
7.103409853826669529e-07
1.472132483993089758e-08
1.418953537575789428e-09
5.087864598518089792e-04
-1.247064410712571902e-04
1.671749022323746233e-07

2.878223640098936248e-02
9.057781489312874065e-03
8.108460738307120275e-02
2.896999259132159777e-04
1.119389322791581428e-07
7.368419919986258961e-11
1.443875138455404115e-07
2.046584632126706342e-08
1.520251375160419460e-08
2.475977901507052359e-04
3.273473543994788069e-04
2.328095282138961876e-07

2.136801127575198300e-02
-4.081562462198203706e-03
-1.426021016004957731e-01
3.364354661964244551e-04
1.095922297743342830e-07
-7.113372983206180853e-09
-5.259972054995128627e-08
-2.174024461870423779e-08
-1.397918106819284623e-08
5.987805278013120245e-04
-1.776067048994407044e-04
-1.298867042518304278e-07

-2.401290299225108255e-02
-5.803154099022727122e-03
-1.466492718039028864e-01
-1.267199508817428290e-04
-7.535808824623297454e-08
1.943718501715844900e-08
1.842707509617603728e-07
-5.704520131007049408e-09
1.567006419179577914e-08
1.022955360537592789e-04
-8.195365789282929136e-05
-1.490056597915403892e-07

4.336109789479619149e-03
-3.887929830418674487e-02
3.441156951973918521e-02
-2.903662226523375574e-04
5.121707020886241332e-06
1.908513641427423791e-07
-5.619868460751374673e-06
-5.188775936932432517e-08
-1.521539547273676520e-08
9.588447265963772934e-06
2.215066513776645514e-06
1.027927995991373661e-06

2.840871480139540994e-02
5.528459019396857882e-02
5.860145248664398038e-02
2.480919414165870269e-04
2.725975187097995167e-07
1.399278078091538609e-08
-3.501371778460646437e-07
1.131173583837331142e-08
9.910213851108940076e-09
-1.590900105277213777e-04
-1.643769463150311237e-04
4.266099920832268672e-07

2.225112809568844698e-03
3.389655058355091344e-02
3.148180449171610745e-02
6.934013552355933934e-04
-3.295579831405926295e-07
1.698554449698736462e-08
-3.376834762693211452e-06
1.688198223309405322e-08
-5.382583468183592136e-08
-2.128534858652888551e-04
5.110851715072177058e-04
-1.411205196831900637e-06

-1.304520602369886595e-03
-2.507802471405760555e-02
8.847664546652869721e-02
2.692731285641155117e-02
-1.537953628125595439e-05
-5.656188198667390721e-07
3.918152417678667554e-05
-1.284866492722221237e-07
4.344504963788615470e-08
-4.754020509797571639e-03
1.655511431255918958e-02
2.228698430327790870e-05

1.477091566345050538e-02
2.090857682914884844e-02
-8.576850311427529350e-02
1.321524210274453747e-04
-6.950117781867833566e-08
-5.090486848642226963e-09
1.184242362793568241e-07
3.584589977474740673e-09
-7.241847965365545693e-09
5.627961184789647677e-04
1.297224362174466611e-04
-7.549141634431996284e-08

7.791181905430085396e-03
1.314269082427669579e-02
-6.588763262268769461e-02
2.861156443102100375e-04
5.706829171547457782e-08
-4.458097173502302306e-10
-4.895865187062018750e-08
-6.002424623058481232e-09
-1.731829283512668073e-09
9.466550855828060555e-04
1.671487484701923384e-04
-1.029086003491481886e-07

7.040995754682839725e-02
2.212190420993697879e-02
-1.641316230360208850e-01
2.505285519514133100e-04
1.404430918615080206e-07
-1.207722513936133337e-08
9.195358765421333624e-08
-3.561434735149036889e-08
-8.957357559502940780e-08
6.565086608767239885e-04
-2.410725951763051031e-04
-1.598225221072465615e-08

2.029774290877348064e-02
2.275087750381104071e-02
-1.310905684329438659e-01
2.413517367249645089e-04
8.827274487688592948e-07
2.937051860722497514e-09
2.125334975159052863e-07
-1.390449277075362478e-08
-1.107971239873665690e-08
5.021653712982670353e-04
-1.092563175342157171e-04
-2.925748914468563467e-07

2.718963916053407717e-02
2.600969458507228563e-02
-1.154817979860981586e-01
3.381378982058097699e-04
-2.505462032962271359e-07
-2.378633065321274541e-08
2.332860062060467306e-07
-2.138200586438495064e-08
1.230309313157406064e-08
6.781955275489745917e-05
4.506471601071544600e-04
2.189019194889874429e-07

2.765244462457211796e-02
8.824326925983132577e-03
-1.007569533588070637e-01
2.531467578166785959e-04
8.251396815438821549e-08
-8.054948364320245967e-09
8.393026774240436733e-08
-9.653617291590882278e-09
-2.620321651278294244e-08
5.551576236763538586e-04
4.635453180139603203e-04
-4.741699115801912066e-09

6.033954988438713918e-02
-1.994367370576055620e-02
1.028103061111994704e-01
-5.781590567088425560e-04
-2.077259054606779162e-06
6.745966287766565690e-08
-1.315015454565724894e-07
-2.026912664118533763e-08
1.870966178232851194e-08
-8.541658765629608189e-06
9.603158883080753147e-04
6.192316475035127656e-07

3.671388489390746412e-02
2.513809088975801562e-02
7.084336769127785871e-02
5.293479203235825327e-04
-5.768976805822599233e-08
7.304442731826912526e-08
-4.739759241129251595e-07
3.878754060512261582e-08
6.995559774929749655e-08
5.257129370695403552e-04
4.697965458480765633e-04
-2.201530714587772564e-07

4.068949260424405134e-02
1.898818947762454315e-02
5.447761238741835599e-02
2.150058023547458952e-04
1.380608180511657757e-07
-4.543854348721608825e-09
-9.080871011525911785e-08
2.458352407091475717e-08
2.224341920305579776e-08
-9.090582825146971250e-05
-2.687171770988692294e-04
-3.051286844039946247e-08

3.683193646954979056e-02
6.352075245058941668e-04
4.732439603880632395e-02
1.194577662863747315e-04
-4.490194681412975984e-07
1.025690866578971682e-08
-1.354309895627892870e-07
2.418147822574920951e-08
2.974973729902760520e-08
-4.214378645617077582e-05
-2.008458857896970498e-04
-3.598735213046682417e-07

-7.581663428105747454e-04
-2.429827729725682339e-02
8.187749796632537436e-02
9.501599998509991166e-03
2.063286042655122053e-07
-9.242033636090338553e-09
1.350838850236925906e-05
-3.904097299187836354e-08
2.089263510864572653e-08
-8.006629794731498842e-04
1.553918407625704858e-02
2.193032664814340777e-05

6.506419419103032058e-03
-1.297303654541437715e-02
3.778437326258331924e-02
-2.400238549404991621e-04
-6.180102908395009247e-07
2.712815682868221326e-08
-2.948888289913896879e-08
7.649905184348189597e-09
4.782951082242124836e-08
5.925573672721098180e-04
6.254757320918199028e-04
1.672593785857468449e-08

5.858397453995990017e-02
-1.699054743274452245e-02
1.977043079298034314e-02
-4.720343509766940926e-05
1.645040802474065193e-07
-1.139076227228514274e-08
-1.044101566590355629e-07
-2.074237625965509750e-09
1.514375708137098285e-08
-8.671621262085427379e-05
1.806994946974416606e-04
-1.552025402669058148e-07

3.466586109747426224e-03
9.088185997329724375e-03
4.296183474796807372e-02
3.122912499490537188e-04
-2.981342477043157148e-07
3.445602298627521250e-08
1.507351649865449105e-08
-1.595763716198873129e-08
8.746412940075967914e-09
-3.463140043794878933e-04
-3.729625843863165302e-04
-4.976684552309712099e-07

-4.311751029224272259e-03
-1.635170718764406700e-02
9.080287235694942116e-02
-1.308722152471690665e-02
-1.748774272660403578e-05
-1.050558316649309554e-06
-8.532019749399634558e-06
1.298095187279111247e-07
2.673564118213277313e-08
-3.353880228446906846e-03
1.575826411879197031e-02
1.407396522874450545e-05

3.499662161000980515e-02
8.314095811830572030e-03
4.752448371591954518e-02
4.546866025280126076e-04
2.799515360498744931e-07
1.057552888236440206e-08
-2.538144233598970182e-07
4.353451278175243136e-08
6.361125290181693450e-08
4.832529245387046416e-04
2.326964722564751193e-04
2.234194420477424155e-07

-8.716638299101849702e-03
1.955171520960901493e-02
-1.174495875444732523e-01
6.691345439414393562e-04
1.086308152132957396e-07
-7.996275216035620721e-10
3.053531359896591687e-07
1.736788643979153058e-08
1.440789172071402125e-08
-1.510545343182325567e-04
4.716705181977547145e-04
1.194875233287852695e-07

2.530750872541826565e-03
-3.260855321533806528e-02
9.083320926969665199e-02
1.636202903000170310e-03
4.201737787397451366e-07
-2.704508150128647710e-09
2.431860566891165754e-06
1.387401937900073497e-08
6.492130277626348987e-09
-4.153346786633778332e-04
-3.896773482938485286e-03
-7.133570595684145057e-06

1.200188255866390351e-02
7.363142892265735727e-03
-1.008973299260587236e-01
6.409644591347968571e-04
1.384319712924802442e-07
6.898349778887011237e-09
-4.238396689327283315e-08
-2.181333231791905468e-08
-3.527076225321094785e-09
6.282294774027466803e-04
7.806472642558800719e-04
5.850035973155818933e-08

3.153332114798866603e-02
4.952234089438549251e-03
6.955947581809725222e-02
-2.025668247111896917e-05
-2.279719111773948443e-07
1.511692142992203813e-08
-1.470303003647165747e-07
1.817312940515155998e-08
2.404657638273062030e-08
-2.077059627794740357e-05
-1.946444648464057544e-04
-1.966218715845664550e-07

2.915397193772128331e-02
1.839294660331996373e-02
7.037464050450725761e-02
4.711711964255151141e-04
1.041809735272393204e-08
4.459188827726385130e-08
-3.083002725023358625e-07
2.686844651850638727e-08
3.557250413337084096e-08
4.798856621501496967e-04
4.231536642366000821e-04
3.330149093750621609e-08

2.574550765379055028e-02
1.352701336305958332e-02
9.066152729135887323e-02
3.783244768486494661e-04
1.216878318901568437e-07
-3.251148323976870610e-10
-1.822552100864003854e-07
1.176061331716020695e-08
1.071302431161362822e-08
2.705247449120230839e-04
2.560194633531589180e-04
1.879421901803281304e-07

4.591870672449489821e-03
3.830116191081495841e-03
3.202437114020697390e-02
-6.844379929254298988e-04
-1.407595868981889544e-08
7.796274147074046778e-09
-1.692145909769552731e-07
-1.075314327666301287e-08
-2.671277241522077769e-08
-2.048813890057538546e-03
-9.512239721235136959e-04
-4.139761444385022138e-08

-1.412601459694490594e-02
5.687713317070106772e-03
6.713529498755568814e-02
2.147387073015399449e-04
-5.387733716988098036e-07
1.338671662158546008e-08
-9.736504317057251291e-08
-3.230839743257014875e-08
-7.977260529454071776e-08
9.274710296459985712e-04
5.575818465164616641e-04
1.336460713653191399e-07

4.212588582046149221e-02
2.470199177106872229e-02
7.158081540289526479e-02
2.330532453659133439e-04
7.105028295356508324e-08
3.412972278937848431e-08
-1.522738534778973127e-07
1.155271261683337560e-08
2.087798630907582966e-08
2.823919205346594043e-04
2.605251414260925202e-04
6.104165491629291443e-09

1.655446153295565825e-02
-4.826913710302360716e-03
5.928327096736606822e-02
7.218157535232842424e-04
-1.546639585656857601e-07
1.158126317917180969e-08
7.816118149972129855e-07
6.972020778252253229e-10
-1.262331383724114956e-07
-1.901928368532731888e-03
6.866194196915767056e-04
-1.496014600775012830e-07

-7.280572381500309553e-02
3.705680636420230489e-02
-9.148952998843239148e-02
5.994324792072212437e-05
7.053377269215445179e-09
-1.070607746828960764e-08
-2.606522409234350286e-08
-1.953757368408069148e-09
2.806288598974384345e-09
-7.275618832746742358e-05
5.741910960277509825e-05
-2.613507247946344040e-07

1.201729292571224357e-02
1.257263455086680970e-02
-6.707805297630782537e-02
2.701246168131213083e-04
2.266524455037078453e-07
6.556889745166600059e-09
-7.860931312289320107e-08
-6.792085363266223846e-09
4.791962865664462923e-09
4.969857705761056635e-04
4.990046779307116169e-04
5.585813518214484463e-09

-4.615777848553014040e-03
-1.363756300202306239e-02
-1.575774968418952593e-01
1.220422816612924558e-04
6.307017049481718478e-07
3.993902826371403523e-09
-8.121011025020616005e-08
8.428541054262968610e-09
-1.390954814689017565e-08
-4.413589685869330828e-04
1.828404712580499760e-04
6.751371436677278332e-08

3.049402087284356147e-02
2.513303966396000441e-02
5.911411904689879704e-02
4.724361458734741221e-04
-8.814508376997204847e-07
9.095632925408582279e-08
-9.517382384671198622e-07
6.631440724737637074e-08
2.240705727048508415e-08
2.996810902123579756e-04
1.036878209941481058e-03
-1.409954733370602603e-06

2.446445379445532156e-02
-1.457504214822257470e-02
4.525799828518511925e-02
2.137447158199162051e-04
7.283786650481030964e-07
7.615349744449230157e-08
4.202987258201083164e-07
2.427572537311131987e-08
-1.587603119781417130e-08
-2.550292683306467991e-05
-2.996106217200413479e-04
4.104886147482428262e-07

3.339602305408514299e-02
2.594767729599720824e-02
5.996047555236098947e-02
4.711695274679087754e-04
-2.981799096073747965e-07
9.221126401510313587e-08
-4.665563809867354290e-07
3.422864030840419255e-08
6.609327908049963025e-08
5.472998680405800681e-04
5.548243615617272665e-04
-4.458603514168143250e-07

-7.303447948196908901e-02
-9.424425994567916035e-03
-1.728820167968241339e-01
1.512291387279323654e-04
-9.178974703914251626e-08
-1.332532758343850451e-08
-9.714163440143771916e-08
2.261887143062640283e-08
-8.846621874578564277e-09
2.204428139671099762e-05
7.891956105249173193e-05
1.605844681153186463e-07

3.074083760294648443e-02
3.105452238276554255e-02
6.020027857678140332e-02
3.747761770489599158e-04
1.736398927595674553e-08
1.904492419103477677e-08
-4.384397919035399281e-07
2.912191749616471702e-08
3.449228038679144644e-08
4.384418079106546895e-04
1.149518428460576813e-04
5.736589977820632877e-08

8.260396702197204608e-03
4.265716367386178376e-02
5.811696061825085552e-02
-4.985016549567768997e-04
-1.441136963067225134e-07
-2.857212513344257586e-08
1.469658656832357930e-06
-2.242944585097268752e-08
-1.869419343677677490e-08
4.052073588093385760e-05
4.134217220749789360e-04
-6.985493231934227769e-07

2.442371833123501215e-02
-2.290609066007051262e-02
6.454257861959324105e-02
-8.020432111633908146e-04
-1.276683477882016977e-06
5.944756958954507147e-09
-9.263217901313684381e-07
-6.309295355200455193e-08
3.777956344197345503e-08
1.604824780733565771e-04
1.299267463450645482e-03
1.559835702271322437e-06

1.706853162464653031e-02
3.814971375112560792e-02
1.493711004352111724e-02
1.139538113447058143e-04
-1.420228140082920908e-06
1.722649562877242281e-08
6.265023450519943645e-07
-1.592880441155017146e-08
2.837096413882359619e-08
-5.977988295735415456e-05
-2.687600757044201582e-04
6.770762631979546920e-07

5.432829694380609566e-03
-5.259402208842083037e-02
8.491523208867952921e-02
1.944163699102918676e-04
-4.183705755407645888e-08
3.785076347624133626e-08
2.364960298981967564e-07
3.993098579160210752e-09
2.203019612775079522e-08
2.726112736918834565e-05
2.658010266275129575e-05
-1.469439045816537046e-07

-1.940868222504249941e-03
9.751723955630007754e-03
-1.348189564564135912e-01
9.888486920480628068e-04
4.712896793584730060e-08
-1.859310183735391722e-08
1.971017188175205424e-07
3.193740042313236172e-09
-1.423121937918304430e-08
-1.323871430345717676e-04
-3.343773999925845329e-04
1.438947560690714546e-07

2.032083796368748529e-02
1.023463721439568479e-02
-1.200768104127644537e-01
2.136334549331772765e-04
5.991015942021081722e-07
1.273328507203331887e-09
-4.060563312680567477e-08
-6.899956797493876047e-09
-6.049666352029852348e-09
4.820063285550409680e-04
-5.129373672305543002e-05
-2.686925582064313730e-07

2.099640362920481354e-02
5.691648549398236646e-03
-5.776784777750579997e-02
2.143307922476206861e-04
7.073028997774834375e-08
-3.184290293150051653e-09
6.457679876528581566e-08
-2.100901226398699996e-09
-1.099427835952966587e-08
4.022499420116443930e-04
5.823060994629654158e-04
-6.295562759753981114e-08

5.539661153880526961e-02
4.318105146018286905e-02
3.471150476164065052e-02
1.973035720856224908e-04
9.199071128401156684e-08
3.855953612225617636e-08
-1.907383684408954806e-07
1.606787723612509088e-08
2.874751337872654333e-08
9.922193873914477184e-05
2.064951265551298815e-04
-7.104800811104026674e-08

-1.007028900352667728e-03
-1.000087817558105267e-02
3.526457387571414748e-02
6.854241578548549629e-04
2.562791143751994691e-07
1.136392749059301431e-07
1.486743775373223012e-06
3.001811017999006084e-08
6.723548205444330175e-08
-3.102956586991625801e-04
1.347076753906831931e-03
9.069011850566565632e-07

5.471060489962342212e-03
1.153689342405024576e-02
3.793257652530605817e-02
2.412131120372140833e-04
-2.207950049262860754e-08
-3.041370667616622105e-08
9.647379212433335313e-08
6.235285440425330726e-09
4.419014575500980113e-09
5.713793098993021893e-04
2.905032914523360136e-04
5.567188818969437173e-07

1.270740923598853234e-03
2.936693586349941351e-04
-1.545202107338640163e-01
1.625296295894507193e-02
2.613258732023822003e-07
-1.080927542017307678e-08
3.185240539351893911e-07
-3.785731608361848467e-08
-3.919299184813872171e-08
2.259895598825785099e-02
-2.373669822291361430e-03
-1.987242813920680860e-07

1.373041384221064662e-03
7.606863510453658675e-03
2.052525956346044206e-02
3.048013236198483106e-03
-1.203215387688561969e-06
6.958694080231648688e-09
-4.662385970042528003e-06
1.232665297687131410e-08
1.833391065193288227e-08
-4.800762102851444026e-04
-2.180168443123417857e-03
2.007490203746069565e-06

2.441538106955284601e-02
1.103235004924984879e-02
-1.811082488419795689e-01
5.259059013383700571e-04
5.767325479908400087e-07
7.300176587248174976e-08
6.058624732790691172e-09
-1.826577270494826217e-08
5.833095245559335914e-08
-1.716470623380795439e-03
3.284230597896262626e-04
2.322082786707730272e-07

3.628820700438262995e-03
1.193059757777656382e-02
-1.295767140270106532e-01
-1.751038371386267234e-04
-1.437813870180156064e-07
2.607108794189668699e-08
-2.691644372993615715e-07
3.209313987368554987e-09
2.423530744472591001e-09
-1.896046030110763682e-03
-1.640672199901457070e-03
-5.466363384062080772e-07

1.322524880513176529e-02
-1.297971067152779365e-02
4.677806924238212677e-02
2.769777788684560328e-04
-1.163196104357070116e-06
6.695198372637581123e-08
3.486247226152787349e-07
2.458361968547756702e-08
1.871314396541514494e-08
7.020481823274683742e-05
8.533162044554152854e-04
2.872480601671447319e-07

3.429880139051370846e-03
1.279454308955869403e-02
9.408198208863002843e-02
4.417366999159510707e-04
1.302699403033847109e-07
-4.092619863689681385e-10
7.804551401913002747e-09
7.362227988370710683e-09
-1.877415191527322530e-08
4.327397637282166462e-04
6.372922954730088222e-04
-1.179101601354274655e-07

-3.136679241433649405e-03
-2.661071947786566513e-02
1.062564226800962741e-01
2.128746182824186716e-03
-2.104845145947310606e-07
-7.946080184528812097e-09
2.804974436096866107e-06
-3.178812226113473109e-08
-1.394334878112424121e-08
-1.543489979442441208e-04
-3.646836808208728763e-03
-4.209633024108225235e-06

1.019677258632634489e-03
-2.238187751293701719e-02
7.006252638274342026e-02
2.005975854226465377e-02
-9.481379119950766885e-07
-6.693227414708468525e-08
3.179008651160349639e-05
6.571892285022941402e-08
2.579436345614086324e-08
1.787513726360425435e-04
1.547392879529032803e-02
2.352790980558672741e-05

5.092929475061947625e-03
6.240320999073178942e-03
1.562867345051296430e-01
5.674601617971870762e-04
6.242807241736030900e-08
1.006776715341271786e-08
4.887162202947057357e-08
6.085692103666231720e-09
1.172695499308585726e-08
1.708691646969301458e-04
-1.617687782423712873e-03
7.704379087818252180e-08

3.575522502634954913e-02
9.001912583933246309e-03
4.114938484535293761e-02
1.479558519274464369e-04
9.125258125401582915e-08
-1.447518998230172502e-09
2.549862712265071531e-07
1.022112981579890256e-08
1.246555786355078289e-08
2.151788628901632450e-04
3.287155133927920233e-04
4.245381522578804199e-08

-1.192049736592145324e-02
1.576090426303909664e-02
-1.263981262258413452e-01
-1.062973459756403239e-04
1.197500569180802857e-07
-2.250107659180706923e-08
-1.750910834674339666e-07
-4.197761851772257581e-09
1.697080153573397894e-08
1.649342921166723939e-04
2.271574287836977235e-04
-5.053320518330996933e-08

-9.949692802347356868e-02
6.800015091930657063e-02
9.846609336882264363e-02
3.112938552327851688e-06
-5.595489539339108848e-08
1.563434829053895276e-08
5.005952804211340621e-10
-2.542190025181341456e-09
2.906246088367658244e-10
-6.135204357441850591e-05
-6.256926423019998447e-07
3.617178533289131964e-07

9.949592510349106883e-03
-2.718036125442349280e-02
7.103051143292293812e-02
-8.282092642064847049e-04
1.254617235154314973e-06
9.838483596600439011e-08
-2.191660643211457728e-06
-5.641208102468758110e-08
4.511914135618538674e-09
-3.261225976628850357e-04
6.354644571533848898e-04
5.712475217702221373e-07

-2.681334096969945416e-02
-2.993150527582942588e-02
6.600440674368113214e-02
1.829283038789049571e-04
-1.548586776995941475e-07
2.922778160982961744e-08
8.075960570497215445e-08
6.300669792183746698e-10
2.190261476694771291e-08
1.216833379926799564e-05
1.646146186644960904e-04
-7.604035959729568530e-09

